1 363
1 417
1 430
1 557
1 747
2 19
2 236
2 296
2 636
2 767
2 944
3 174
3 183
3 293
3 428
3 430
3 484
3 495
3 525
3 661
3 809
3 962
4 76
4 161
4 234
4 413
4 416
4 466
4 569
4 983
5 83
5 162
5 212
5 251
5 269
5 654
5 795
5 800
5 853
6 24
6 68
6 232
6 495
6 508
6 591
6 606
6 774
6 851
6 882
7 90
7 152
7 327
7 501
7 520
7 777
7 828
7 850
7 933
8 16
8 696
8 878
8 966
8 999
9 241
9 286
9 294
9 328
9 375
9 496
9 727
9 812
9 998
10 87
10 273
10 284
10 293
10 439
10 448
10 472
10 565
10 604
10 614
10 675
10 802
10 860
11 95
11 105
11 318
11 387
11 394
11 413
11 482
11 547
11 739
11 886
11 979
12 93
12 129
12 148
12 167
12 255
12 260
12 298
12 368
12 443
12 508
12 527
12 705
12 865
12 936
12 954
13 123
13 190
13 286
13 427
13 656
13 680
13 683
13 846
14 1
14 11
14 268
14 437
14 509
14 539
14 568
14 650
14 667
14 807
14 922
15 16
15 46
15 167
15 284
15 299
15 472
15 579
15 625
15 638
15 657
15 675
15 797
15 802
15 889
16 107
16 369
16 398
16 434
16 595
16 737
16 744
16 849
16 855
16 868
16 953
16 999
17 9
17 145
17 192
17 307
17 568
18 12
18 32
18 122
18 409
18 523
18 596
18 608
18 898
19 322
19 575
19 597
19 887
19 916
20 3
20 84
20 113
20 189
20 227
20 279
20 288
20 482
20 570
20 573
20 783
20 788
21 102
21 117
21 235
21 500
21 554
21 587
21 649
21 702
21 739
21 752
21 771
21 871
21 955
22 5
22 116
22 152
22 226
22 238
22 460
22 482
22 499
22 550
22 562
22 594
22 613
22 758
23 279
23 315
23 434
23 534
23 552
23 598
23 672
23 878
23 958
24 33
24 113
24 268
24 317
24 382
24 503
24 557
24 586
24 842
25 104
25 131
25 267
25 348
25 472
25 653
25 873
25 910
26 90
26 93
26 101
26 154
26 194
26 352
26 435
26 442
26 462
26 665
26 694
26 698
26 945
27 125
27 134
27 154
27 250
27 279
27 287
27 431
27 562
27 607
28 43
28 55
28 180
28 207
28 215
28 386
28 565
28 579
28 709
28 716
28 813
28 998
29 16
29 71
29 206
29 239
29 244
29 274
29 288
29 457
29 601
29 941
30 41
30 50
30 203
30 291
30 480
30 516
30 547
30 606
30 828
30 990
31 357
31 461
31 468
31 491
31 529
31 679
31 731
31 807
32 82
32 113
32 119
32 165
32 247
32 282
32 467
32 651
32 687
32 766
32 958
33 28
33 44
33 353
33 369
33 381
33 522
33 570
33 603
33 643
33 894
34 24
34 44
34 54
34 56
34 140
34 546
34 693
34 783
34 820
34 856
34 908
34 913
34 941
34 959
35 54
35 74
35 83
35 238
35 359
35 372
35 477
35 484
35 491
35 498
35 542
35 829
36 103
36 145
36 286
36 315
36 327
36 345
36 359
36 457
36 560
36 675
36 678
36 816
36 893
36 950
36 1000
37 7
37 238
37 425
37 644
37 695
37 700
37 807
37 826
37 932
37 1000
38 87
38 188
38 238
38 500
38 503
38 539
38 617
38 672
38 723
38 740
38 742
38 898
39 156
39 157
39 190
39 232
39 304
39 308
39 513
39 789
39 941
39 966
40 51
40 81
40 177
40 774
40 860
40 881
40 949
41 23
41 130
41 133
41 204
41 241
41 340
41 369
41 380
41 461
41 564
41 658
41 699
41 801
41 859
41 923
41 930
42 119
42 415
42 494
42 516
42 563
42 639
42 758
42 864
43 54
43 322
43 358
43 442
43 467
43 592
43 630
43 687
43 733
43 738
43 822
44 7
44 155
44 223
44 280
44 286
44 311
44 643
44 654
44 887
44 966
45 371
45 425
45 544
45 610
45 614
45 828
46 28
46 215
46 239
46 586
46 697
46 699
46 904
46 962
47 3
47 85
47 122
47 153
47 260
47 267
47 282
47 324
47 339
47 592
47 714
47 753
47 784
48 26
48 115
48 168
48 170
48 323
48 400
48 528
48 574
48 588
48 669
48 686
48 704
48 759
48 851
49 121
49 290
49 349
49 543
49 564
49 747
49 755
49 851
49 930
50 34
50 79
50 184
50 293
50 499
50 536
50 709
50 710
50 734
50 778
50 796
50 824
50 928
50 947
51 135
51 275
51 302
51 365
51 398
51 517
51 518
51 716
52 168
52 184
52 609
52 656
52 697
52 718
53 294
53 298
53 561
53 683
53 989
54 138
54 374
54 426
54 556
54 640
54 858
55 52
55 116
55 138
55 147
55 194
55 384
55 593
55 594
55 973
56 110
56 124
56 140
56 505
56 600
56 658
56 665
56 724
56 774
56 810
56 845
56 885
56 910
57 269
57 495
57 592
57 619
57 630
57 804
57 850
57 860
57 916
57 969
58 1
58 121
58 267
58 415
58 586
58 649
58 655
58 754
58 862
58 915
59 216
59 248
59 283
59 540
59 583
59 792
59 827
59 962
59 974
60 174
60 214
60 259
60 448
60 587
60 697
60 734
60 739
60 948
60 984
61 17
61 287
61 293
61 357
61 465
61 505
61 537
61 558
61 711
62 44
62 143
62 230
62 280
62 418
62 524
62 797
62 899
63 18
63 145
63 166
63 172
63 226
63 351
63 446
63 574
64 6
64 77
64 96
64 149
64 419
64 579
64 598
64 616
64 634
64 693
64 1000
65 102
65 189
65 385
65 430
65 519
66 4
66 124
66 151
66 178
66 257
66 437
66 445
66 568
66 576
66 777
66 925
66 977
67 28
67 266
67 273
67 297
67 420
67 527
67 623
67 658
67 839
67 929
68 75
68 98
68 212
68 281
68 349
68 492
68 500
68 776
68 810
68 855
68 883
69 111
69 152
69 483
69 642
69 734
69 815
69 961
70 89
70 176
70 239
70 256
70 283
70 524
70 533
70 545
70 673
70 700
70 983
70 998
71 29
71 89
71 142
71 299
71 553
71 698
72 329
72 331
72 339
72 697
72 715
72 778
72 794
72 883
72 961
73 146
73 181
73 207
73 228
73 454
73 506
73 570
73 820
73 934
73 989
74 142
74 189
74 193
74 309
74 400
74 450
74 484
74 531
74 641
74 823
75 145
75 146
75 258
75 543
75 570
75 608
75 639
75 703
75 873
75 896
76 137
76 330
76 611
76 646
76 661
76 702
76 749
76 961
77 82
77 88
77 242
77 247
77 304
77 370
77 398
77 408
77 464
77 569
77 741
77 795
77 895
77 944
78 31
78 107
78 290
78 297
78 398
78 550
78 665
78 733
78 767
78 813
78 983
79 60
79 69
79 108
79 366
79 379
79 389
79 446
79 509
79 661
79 844
79 903
79 913
79 920
80 39
80 111
80 136
80 157
80 228
80 289
80 403
80 784
80 817
80 829
80 872
81 64
81 208
81 260
81 270
81 302
81 664
81 797
81 854
81 881
81 986
82 48
82 452
82 590
82 673
82 679
82 761
82 982
83 272
83 362
83 439
83 462
83 869
84 25
84 168
84 258
84 270
84 326
84 349
84 363
84 430
84 531
84 592
84 626
84 748
84 818
85 37
85 358
85 459
85 631
85 632
85 653
85 704
85 826
85 984
86 15
86 118
86 233
86 264
86 413
86 426
86 500
86 515
86 742
86 839
86 847
86 890
86 911
86 915
86 974
87 104
87 107
87 211
87 320
87 335
87 371
87 459
87 474
87 551
87 565
87 612
87 631
87 715
87 785
87 798
87 803
87 869
87 919
87 931
87 952
87 958
88 109
88 151
88 214
88 250
88 255
88 379
88 476
88 981
88 1000
89 169
89 203
89 217
89 283
89 286
89 308
89 327
89 365
89 519
89 569
89 633
89 934
89 969
89 982
90 22
90 72
90 329
90 567
90 571
90 879
91 39
91 54
91 73
91 135
91 283
91 324
91 337
91 771
91 908
92 170
92 273
92 334
92 406
92 595
92 702
92 807
92 870
92 891
93 222
93 302
93 407
93 604
93 639
93 640
93 732
94 2
94 91
94 140
94 151
94 250
94 266
94 306
94 480
94 515
94 665
94 713
94 720
94 761
94 774
94 791
94 840
95 15
95 43
95 118
95 180
95 198
95 244
95 277
95 285
95 366
95 629
95 713
95 740
95 948
95 982
96 81
96 470
96 571
96 581
96 712
96 922
97 56
97 290
97 441
97 468
97 548
97 620
97 662
97 682
97 719
97 809
97 847
97 865
97 937
97 950
97 951
97 986
98 187
98 393
98 599
98 655
98 656
98 685
98 740
98 887
98 900
99 81
99 409
99 421
99 432
99 543
99 719
99 757
99 823
99 839
99 847
99 955
100 4
100 54
100 61
100 278
100 352
100 547
100 588
100 675
100 725
100 783
100 972
101 17
101 183
101 253
101 298
101 342
101 566
101 729
101 885
101 911
102 34
102 39
102 70
102 178
102 290
102 372
102 436
102 449
102 496
102 640
102 656
102 681
102 738
102 783
102 843
103 45
103 105
103 152
103 175
103 213
103 269
103 287
103 478
103 489
103 509
103 544
103 576
103 688
103 778
103 896
104 16
104 48
104 59
104 235
104 243
104 249
104 410
104 523
104 589
104 684
104 809
105 12
105 30
105 34
105 132
105 219
105 264
105 521
105 590
105 673
105 819
105 904
105 976
106 20
106 23
106 51
106 160
106 278
106 398
106 518
106 738
107 34
107 307
107 312
107 375
107 397
107 475
107 509
107 610
107 626
107 642
107 906
108 171
108 350
108 395
108 420
108 435
108 466
108 655
108 803
109 22
109 166
109 267
109 270
109 442
109 458
109 767
109 784
109 825
109 882
110 2
110 238
110 414
110 685
110 798
110 840
110 860
111 93
111 117
111 125
111 145
111 223
111 295
111 301
111 316
111 341
111 988
112 46
112 189
112 258
112 315
112 338
112 574
112 581
112 589
112 879
112 970
113 169
113 185
113 207
113 273
113 281
113 310
113 597
113 611
113 662
113 762
113 875
113 885
113 995
114 22
114 146
114 331
114 399
114 546
114 624
114 729
114 768
114 774
114 781
114 902
114 988
115 62
115 215
115 263
115 429
115 437
115 487
115 785
115 853
115 995
116 176
116 261
116 365
116 707
116 990
117 5
117 157
117 204
117 206
117 321
117 401
117 558
117 772
117 782
117 801
118 44
118 189
118 269
118 304
118 414
118 522
118 604
118 737
118 740
118 964
118 990
119 23
119 207
119 369
119 400
119 410
119 441
119 443
119 548
119 565
119 626
119 737
119 753
119 783
119 853
119 962
120 431
120 607
120 658
120 877
120 898
120 910
121 289
121 536
121 547
121 584
121 661
122 335
122 425
122 541
122 621
122 923
123 116
123 182
123 291
123 421
123 859
123 901
124 55
124 164
124 233
124 234
124 562
124 753
125 3
125 128
125 194
125 378
125 421
125 588
125 622
125 632
125 634
125 639
125 647
125 676
125 731
125 877
126 122
126 236
126 260
126 361
126 386
126 398
126 926
127 35
127 39
127 77
127 334
127 516
127 591
127 715
127 727
127 814
127 908
127 958
127 977
128 193
128 228
128 325
128 362
128 427
128 434
128 446
128 575
128 606
128 665
128 713
129 68
129 219
129 467
129 491
129 555
129 588
129 600
129 601
129 608
129 669
129 767
129 772
130 352
130 355
130 424
130 435
130 567
130 649
130 662
130 934
130 997
131 65
131 75
131 107
131 195
131 238
131 327
131 360
131 498
131 730
131 740
131 827
131 917
132 51
132 109
132 350
132 414
132 430
132 560
132 600
132 695
132 774
132 780
132 891
132 917
132 946
132 960
133 47
133 102
133 366
133 407
133 588
133 648
133 772
133 845
133 850
133 922
133 929
133 955
134 79
134 127
134 234
134 440
134 537
134 753
135 12
135 30
135 230
135 319
135 372
135 394
135 594
135 859
135 906
135 919
135 978
136 127
136 143
136 150
136 169
136 244
136 256
136 359
136 376
136 685
136 740
136 745
136 750
136 841
137 7
137 56
137 176
137 260
137 480
137 514
137 619
137 746
137 991
138 104
138 129
138 171
138 221
138 329
138 333
138 428
138 496
138 742
138 875
138 932
138 973
139 97
139 160
139 385
139 874
140 6
140 162
140 258
140 275
140 450
140 552
140 708
140 980
140 995
141 51
141 243
141 269
141 314
141 579
141 595
141 614
141 667
141 692
141 699
141 856
141 891
142 160
142 223
142 319
142 421
142 425
142 612
142 711
142 738
142 790
142 800
143 29
143 185
143 226
143 701
143 751
143 821
143 846
143 886
143 956
144 90
144 94
144 101
144 117
144 198
144 205
144 312
144 359
144 363
144 381
144 389
144 468
144 524
144 599
144 698
144 733
145 406
145 444
145 559
145 632
145 637
145 653
145 683
145 692
145 702
145 741
145 780
145 916
146 91
146 166
146 206
146 309
146 368
146 501
146 666
146 716
146 810
146 813
146 959
147 44
147 429
147 452
147 548
147 591
147 630
147 648
147 906
148 31
148 75
148 87
148 109
148 237
148 737
148 756
148 878
149 53
149 266
149 323
149 501
149 547
149 588
149 643
149 830
150 140
150 202
150 325
150 367
150 545
150 564
150 920
150 939
151 144
151 171
151 273
151 491
151 521
151 612
151 643
151 762
151 775
151 854
151 930
151 953
152 44
152 188
152 198
152 337
152 484
152 519
152 628
152 682
152 716
152 827
152 969
152 971
153 57
153 89
153 149
153 167
153 260
153 299
153 406
153 425
153 534
153 669
153 825
153 838
153 879
154 209
154 406
154 508
154 693
154 834
154 835
154 917
154 991
155 47
155 182
155 323
155 410
155 470
155 473
155 499
155 558
155 569
155 574
155 724
155 790
155 856
156 10
156 263
156 403
156 425
156 439
156 462
156 505
156 618
156 977
157 71
157 222
157 525
157 653
157 981
158 807
158 857
158 915
158 916
158 973
159 72
159 82
159 173
159 351
159 514
159 600
159 621
159 784
159 801
159 832
159 956
160 32
160 82
160 176
160 193
160 262
160 303
160 349
160 358
160 565
160 674
160 995
161 19
161 42
161 220
161 256
161 288
161 351
161 365
161 391
161 428
161 455
161 551
161 910
161 959
161 991
162 15
162 67
162 127
162 187
162 195
162 257
162 474
162 539
162 613
162 721
162 770
162 873
163 179
163 381
163 522
163 634
163 735
163 762
163 771
163 819
163 937
164 73
164 181
164 195
164 308
164 468
164 488
164 503
164 630
164 644
164 663
164 741
164 943
164 971
165 16
165 106
165 107
165 310
165 462
165 564
165 618
165 801
165 810
165 875
165 884
166 230
166 353
166 455
166 501
166 607
166 788
166 857
166 923
166 941
166 952
167 10
167 53
167 149
167 188
167 261
167 285
167 346
167 449
167 557
167 761
167 779
167 809
167 827
167 917
167 939
167 964
168 31
168 113
168 434
168 573
168 613
168 856
168 895
168 990
168 994
169 110
169 241
169 332
169 377
169 398
169 500
169 601
169 700
169 759
169 776
169 799
170 123
170 296
170 355
170 660
170 819
170 826
170 841
170 905
170 932
171 93
171 484
171 831
171 833
171 865
172 297
172 378
172 459
172 472
172 697
172 702
172 803
172 919
172 961
173 140
173 154
173 276
173 558
173 671
173 746
173 887
173 992
174 45
174 236
174 238
174 259
174 433
174 465
174 969
175 137
175 252
175 318
175 572
175 585
176 105
176 240
176 293
176 452
176 522
176 613
176 616
176 709
176 816
176 917
176 944
176 984
176 986
176 999
177 352
177 544
177 676
177 715
177 831
177 835
177 959
177 993
178 11
178 23
178 25
178 32
178 252
178 349
178 442
178 455
178 464
178 952
179 31
179 45
179 59
179 238
179 276
179 424
179 532
179 698
179 716
179 774
179 838
179 891
180 24
180 230
180 280
180 492
180 549
180 589
180 681
180 963
181 19
181 128
181 203
181 249
181 379
181 506
181 802
181 807
181 866
181 879
181 963
182 82
182 92
182 100
182 134
182 158
182 160
182 247
182 264
182 342
182 452
182 481
182 602
182 645
182 698
182 758
182 969
182 986
183 93
183 161
183 176
183 254
183 355
183 384
183 448
183 453
183 455
183 601
183 603
183 634
183 805
183 935
183 946
184 19
184 117
184 176
184 256
184 504
184 586
184 626
184 720
184 920
185 9
185 39
185 46
185 204
185 237
185 259
185 279
185 448
185 588
185 890
185 928
186 50
186 89
186 142
186 199
186 603
186 636
186 727
186 881
186 884
187 13
187 103
187 113
187 309
187 435
187 542
187 588
187 607
187 761
187 916
188 6
188 227
188 235
188 255
188 327
188 390
188 449
188 544
188 569
188 578
188 619
188 685
188 979
189 106
189 258
189 263
189 357
189 447
189 502
189 531
189 582
189 660
189 666
189 731
189 994
190 27
190 164
190 275
190 279
190 354
190 421
190 432
190 468
190 522
190 557
190 589
190 821
190 902
190 934
191 111
191 145
191 170
191 320
191 335
191 362
191 374
191 413
191 418
191 462
191 468
191 470
191 578
191 640
191 766
192 34
192 275
192 316
192 411
192 464
192 580
192 677
192 726
192 791
192 800
192 823
192 863
192 923
192 976
193 144
193 304
193 309
193 396
193 618
193 754
193 809
193 821
193 992
194 122
194 192
194 217
194 238
194 297
194 492
194 537
194 548
194 727
194 939
194 962
195 11
195 125
195 142
195 214
195 264
195 292
195 364
195 414
195 515
195 579
195 585
195 621
195 657
196 35
196 36
196 319
196 457
196 558
196 805
196 846
197 68
197 186
197 206
197 237
197 263
197 272
197 331
197 380
197 641
197 721
197 769
197 919
197 976
198 12
198 294
198 366
198 382
198 416
198 439
198 752
198 811
198 947
198 963
199 111
199 216
199 444
199 555
199 622
199 729
199 917
200 263
200 332
200 520
200 539
200 711
200 756
200 911
200 972
201 22
201 54
201 87
201 410
201 465
201 517
201 610
201 643
201 706
201 745
201 863
201 898
201 963
202 4
202 427
202 637
202 705
202 712
202 799
202 965
203 256
203 284
203 322
203 341
203 367
203 378
203 577
203 731
203 984
204 4
204 191
204 331
204 387
204 428
204 509
204 607
204 718
204 724
204 803
205 40
205 126
205 181
205 338
205 512
205 556
205 562
205 651
205 685
205 818
205 843
205 925
205 964
206 3
206 40
206 108
206 112
206 137
206 158
206 477
206 657
206 701
206 755
207 2
207 162
207 219
207 335
207 387
207 455
207 460
207 569
207 575
207 587
207 608
207 655
207 704
207 780
207 981
208 27
208 250
208 430
208 772
208 776
208 841
209 218
209 231
209 253
209 501
209 513
209 548
209 568
209 627
209 703
209 708
209 776
209 839
210 87
210 451
210 753
210 896
211 13
211 182
211 423
211 471
211 529
211 553
211 791
211 803
211 834
211 861
211 876
212 30
212 130
212 163
212 168
212 292
212 308
212 475
212 503
212 555
212 625
212 682
212 778
212 793
212 825
213 2
213 148
213 161
213 254
213 375
213 586
213 623
213 686
213 753
213 797
213 912
213 998
214 33
214 208
214 215
214 241
214 321
214 593
214 757
214 773
214 864
214 929
214 942
215 124
215 300
215 395
215 695
215 724
215 847
215 865
215 878
215 975
215 981
216 93
216 153
216 181
216 192
216 276
216 411
216 470
216 543
216 587
216 603
216 743
216 781
216 789
217 108
217 129
217 173
217 334
217 465
217 594
217 786
217 998
218 122
218 151
218 194
218 390
218 393
218 508
218 629
218 758
218 989
219 162
219 212
219 316
219 373
219 481
219 859
220 7
220 70
220 177
220 237
220 294
220 478
220 548
220 614
220 671
220 732
221 36
221 149
221 199
221 459
221 500
221 577
221 603
221 712
221 848
221 909
222 76
222 249
222 321
222 442
222 550
222 685
222 720
222 751
222 843
222 874
223 197
223 289
223 307
223 316
223 551
223 582
223 590
223 929
224 55
224 79
224 93
224 133
224 146
224 167
224 205
224 208
224 218
224 431
224 509
224 556
224 595
224 667
225 102
225 135
225 273
225 291
225 385
225 394
225 395
225 587
225 757
225 793
225 880
226 101
226 156
226 314
226 390
226 525
226 548
226 577
226 598
226 619
226 657
226 668
226 719
226 827
226 947
227 133
227 173
227 291
227 536
227 561
227 908
228 328
228 695
228 891
229 258
229 355
229 398
229 432
229 588
229 713
229 766
229 827
230 23
230 34
230 77
230 190
230 222
230 384
230 576
230 605
230 881
230 954
230 990
231 51
231 455
231 464
231 632
231 711
231 761
231 770
232 314
232 346
232 361
232 459
232 638
232 760
232 763
232 805
233 1
233 24
233 98
233 236
233 304
233 405
233 468
233 546
233 573
233 699
233 745
233 860
233 877
234 170
234 206
234 217
234 524
234 697
234 718
234 800
234 880
234 922
235 65
235 91
235 367
235 615
235 635
235 651
236 40
236 46
236 63
236 310
236 321
236 354
236 395
236 485
236 584
236 688
236 700
236 941
236 962
237 359
237 395
237 406
237 459
237 512
237 610
237 625
237 633
237 873
238 30
238 114
238 135
238 270
238 283
238 328
238 344
238 364
238 407
238 459
238 467
238 517
238 606
238 653
238 862
238 931
239 21
239 83
239 130
239 244
239 326
239 592
239 648
239 796
239 822
239 927
239 949
240 28
240 152
240 267
240 338
240 386
240 396
240 415
240 513
240 616
240 670
240 718
240 904
240 930
240 974
241 9
241 91
241 288
241 323
241 387
241 464
241 665
241 675
241 871
241 901
241 915
241 938
241 950
242 189
242 352
242 374
242 423
242 473
242 502
242 508
242 541
242 723
242 724
242 948
243 298
243 326
243 473
243 508
243 606
243 683
243 840
243 884
243 951
243 953
243 965
244 56
244 96
244 199
244 282
244 345
244 392
244 503
244 573
244 697
244 722
244 728
244 767
244 868
244 911
245 391
245 514
245 652
246 190
246 226
246 343
246 450
246 452
246 498
246 656
246 762
246 802
246 809
246 827
246 932
246 964
246 966
247 6
247 190
247 319
247 449
247 525
247 578
247 604
247 617
247 767
247 958
248 71
248 132
248 217
248 250
248 333
248 500
248 701
249 366
249 372
249 523
249 582
249 706
249 832
249 989
250 229
250 492
250 556
250 628
250 699
251 104
251 111
251 227
251 300
251 507
251 561
251 600
251 801
251 908
251 919
251 945
252 116
252 126
252 180
252 225
252 234
252 363
252 439
252 573
252 947
252 969
253 334
253 348
253 374
253 452
253 565
253 797
253 944
254 60
254 61
254 87
254 92
254 129
254 135
254 179
254 517
254 708
254 941
255 218
255 472
255 495
255 708
255 891
255 893
255 959
256 17
256 58
256 433
256 619
256 631
256 808
256 910
257 12
257 147
257 177
257 927
258 31
258 204
258 310
258 326
258 513
258 549
258 659
258 928
259 324
259 347
259 482
259 593
259 604
259 682
259 704
259 776
259 831
259 886
259 893
260 95
260 233
260 286
260 751
260 809
261 379
261 478
261 484
261 518
261 542
261 659
261 661
261 689
261 763
261 810
261 965
262 59
262 76
262 127
262 192
262 254
262 289
262 452
262 638
262 794
262 908
262 959
263 332
263 590
263 733
263 809
263 920
264 7
264 154
264 486
264 632
264 701
264 817
264 850
265 96
265 110
265 183
265 475
265 497
265 539
265 548
265 763
266 17
266 118
266 151
266 169
266 298
266 354
266 636
266 646
266 837
266 937
267 3
267 53
267 77
267 134
267 145
267 218
267 227
267 297
267 484
267 601
267 732
268 197
268 383
268 451
268 624
268 782
268 792
268 893
269 83
269 211
269 294
269 506
269 621
269 815
269 856
270 72
270 85
270 131
270 158
270 210
270 307
270 315
270 343
270 390
270 431
270 706
270 912
270 942
271 59
271 295
271 363
271 396
271 515
271 527
271 549
271 688
271 701
271 756
271 805
271 886
272 54
272 76
272 90
272 140
272 172
272 247
272 381
272 656
272 669
272 760
272 814
273 140
273 272
273 286
273 406
273 502
273 668
273 753
273 872
273 993
274 179
274 326
274 364
274 403
274 530
274 631
274 662
274 773
274 950
275 10
275 97
275 112
275 116
275 126
275 172
275 408
275 568
275 789
275 949
276 266
276 476
276 686
276 692
276 910
277 248
277 488
277 647
277 686
277 816
277 993
278 16
278 80
278 158
278 224
278 396
278 465
278 500
278 645
278 692
278 717
278 740
278 826
279 33
279 389
279 411
279 576
279 688
279 707
279 840
280 101
280 117
280 181
280 306
280 698
280 707
280 937
280 949
281 231
281 407
281 426
281 546
281 691
281 733
281 776
281 997
282 13
282 265
282 286
282 310
282 386
282 394
282 462
282 509
282 537
282 561
282 562
282 644
282 696
282 719
282 813
283 7
283 338
283 391
283 398
283 575
283 695
283 889
283 909
283 914
283 969
284 71
284 330
284 394
284 465
284 475
284 668
284 671
284 713
284 717
284 731
284 789
284 800
285 71
285 119
285 146
285 206
285 753
285 759
285 832
285 890
285 893
285 960
286 127
286 305
286 345
286 508
286 738
286 883
286 898
286 983
287 9
287 91
287 94
287 108
287 134
287 357
287 503
287 556
287 702
287 775
287 885
287 951
287 975
287 982
287 985
288 89
288 247
288 320
288 361
288 539
288 711
288 786
288 854
288 887
289 239
289 307
289 314
289 348
289 481
289 509
289 690
289 716
289 858
289 984
290 87
290 307
290 367
290 687
290 726
291 51
291 82
291 136
291 410
291 516
291 561
291 579
291 706
291 728
291 771
291 997
292 151
292 216
292 403
292 547
292 551
292 643
292 698
292 765
292 806
292 829
293 25
293 36
293 106
293 176
293 270
293 653
293 918
293 928
294 171
294 185
294 445
294 561
294 653
294 756
294 771
294 819
294 951
294 959
295 8
295 77
295 80
295 276
295 372
295 415
295 733
295 824
295 934
296 39
296 284
296 308
296 497
296 518
296 622
296 838
296 955
297 10
297 54
297 115
297 316
297 317
297 360
297 457
297 462
297 662
297 674
297 768
297 840
298 7
298 380
298 391
298 399
298 473
298 623
298 627
298 688
298 775
298 862
298 863
298 919
299 150
299 279
299 380
299 444
299 652
299 702
299 800
300 95
300 97
300 200
300 293
300 770
300 873
300 876
301 132
301 146
301 195
301 579
301 696
301 776
301 814
301 869
301 927
301 967
302 45
302 71
302 141
302 165
302 226
302 261
302 356
302 529
302 626
302 645
302 735
302 971
303 376
303 571
303 730
303 784
303 797
303 901
303 942
304 2
304 62
304 107
304 172
304 352
304 367
304 442
304 670
304 713
304 741
304 742
304 937
305 122
305 293
305 307
305 327
305 387
305 417
305 483
305 670
305 796
305 947
306 291
306 301
306 340
306 757
306 783
306 786
306 791
306 842
306 880
306 881
306 953
306 969
307 25
307 326
307 351
307 456
307 463
307 558
307 569
307 640
307 696
307 742
307 888
307 896
307 959
308 35
308 66
308 85
308 184
308 254
308 345
308 519
308 623
308 666
309 7
309 158
309 754
309 873
309 925
309 929
309 992
310 179
310 471
310 599
310 624
310 642
310 863
310 973
310 996
311 103
311 367
311 371
311 710
311 726
311 817
311 853
311 882
311 966
312 154
312 178
312 242
312 318
312 513
312 550
312 694
312 795
312 912
313 72
313 203
313 209
313 211
313 247
313 393
313 408
313 631
313 680
313 806
313 808
313 817
313 843
313 952
313 994
314 28
314 140
314 142
314 214
314 448
314 582
314 684
314 703
314 845
314 866
314 908
314 911
315 1
315 19
315 131
315 195
315 232
315 391
315 511
315 569
315 582
315 599
315 692
315 747
315 805
315 845
315 879
315 887
315 934
315 981
316 144
316 298
316 534
316 551
316 578
316 770
316 796
316 810
317 41
317 169
317 360
317 520
317 525
317 603
317 815
317 895
317 915
318 49
318 83
318 300
318 308
318 326
318 459
318 651
318 688
318 946
318 947
319 8
319 296
319 347
319 369
319 485
319 590
319 812
319 982
320 139
320 155
320 162
320 291
320 479
320 517
320 544
320 650
320 755
320 772
320 782
320 842
320 889
320 915
321 469
321 883
321 957
322 118
322 335
322 434
322 468
322 470
322 503
322 699
322 748
322 950
322 970
323 68
323 156
323 157
323 188
323 504
323 515
323 734
323 887
323 958
324 88
324 105
324 377
324 485
324 491
324 599
324 607
324 692
324 800
324 875
324 902
324 948
325 26
325 107
325 396
325 411
325 619
325 837
326 89
326 154
326 318
326 319
326 378
326 558
326 708
326 839
327 362
327 378
327 394
327 498
327 615
327 626
327 689
327 694
327 809
327 842
327 869
327 924
328 115
328 210
328 300
328 326
328 419
328 453
328 639
328 835
328 838
329 149
329 164
329 185
329 414
329 621
329 682
329 811
329 813
329 823
329 912
330 14
330 54
330 138
330 207
330 241
330 298
330 332
330 406
330 423
330 471
330 519
330 530
330 535
330 674
331 2
331 18
331 36
331 251
331 487
331 528
331 614
331 674
331 845
331 852
331 991
332 31
332 298
332 414
332 442
332 627
332 686
332 741
333 38
333 41
333 137
333 165
333 205
333 254
333 256
333 268
333 286
333 460
333 713
333 816
333 985
334 31
334 49
334 52
334 147
334 243
334 414
334 512
334 525
334 564
334 568
334 714
334 847
334 850
334 886
334 897
334 981
334 983
334 986
335 216
335 361
335 374
335 392
335 417
335 527
335 539
335 712
335 910
335 947
336 28
336 87
336 114
336 326
336 407
336 465
336 515
336 549
336 550
336 625
336 698
336 736
336 759
336 810
336 945
336 999
337 190
337 381
337 434
337 542
337 661
337 689
337 694
337 730
337 752
337 919
338 280
338 287
338 395
338 550
338 593
338 728
338 754
338 889
338 987
338 994
339 205
339 259
339 689
340 194
340 195
340 366
340 495
340 509
340 516
340 555
340 586
340 776
341 8
341 19
341 40
341 158
341 183
341 223
341 286
341 419
341 432
341 447
341 466
341 567
341 680
341 705
341 735
341 753
341 777
341 900
342 100
342 182
342 336
342 368
342 372
342 453
342 762
342 800
343 69
343 134
343 161
343 196
343 304
343 365
343 393
343 565
343 571
343 582
343 605
343 643
343 669
343 696
343 736
343 838
344 222
344 505
344 597
344 627
345 61
345 111
345 175
345 279
345 472
345 631
345 696
345 747
346 8
346 60
346 63
346 66
346 100
346 198
346 281
346 389
346 405
346 455
346 587
346 910
347 116
347 150
347 166
347 241
347 293
347 433
347 547
347 653
347 729
347 877
348 267
348 311
348 428
348 489
348 549
348 648
348 707
348 765
348 842
348 875
348 880
348 937
348 968
349 108
349 172
349 210
349 370
349 454
349 803
350 28
350 69
350 109
350 256
350 323
350 334
350 393
350 459
350 882
350 966
351 297
351 321
351 489
351 535
351 537
351 567
351 717
351 747
351 773
351 814
351 898
351 963
352 328
352 439
352 654
352 682
352 696
352 729
353 43
353 116
353 313
353 470
353 705
353 767
353 847
353 880
353 967
354 192
354 412
354 419
354 443
354 624
354 634
354 774
355 143
355 214
355 258
355 267
355 286
355 291
355 319
355 335
355 363
355 717
355 737
355 769
355 778
355 848
355 979
356 219
356 346
356 880
356 927
356 956
356 968
357 11
357 115
357 244
357 315
357 317
357 333
357 368
357 491
357 533
357 911
357 928
357 990
358 427
358 456
358 503
358 752
358 779
358 806
358 867
358 956
358 960
358 985
359 98
359 315
359 389
359 468
359 589
359 591
359 653
359 713
359 748
359 769
359 785
359 814
359 919
359 997
360 197
360 293
360 424
360 447
360 453
360 626
360 663
360 668
360 739
360 778
360 837
360 853
360 886
360 940
361 97
361 234
361 668
361 684
361 694
361 800
362 281
362 323
362 332
362 348
362 470
362 707
362 858
362 881
362 931
362 936
363 19
363 59
363 262
363 336
363 391
363 395
363 398
363 418
363 515
363 521
363 551
363 605
363 627
363 712
364 190
364 270
364 299
364 325
364 408
364 451
364 610
364 668
364 722
365 181
365 238
365 329
365 707
365 770
365 957
365 967
366 12
366 14
366 35
366 114
366 221
366 324
366 426
366 578
366 587
366 627
366 727
366 784
366 786
366 793
366 887
366 893
366 955
366 995
367 3
367 22
367 124
367 171
367 206
367 214
367 474
367 479
367 659
367 708
367 948
368 39
368 73
368 363
368 441
368 487
368 568
368 573
368 638
368 670
368 744
368 894
368 908
369 273
369 569
369 848
369 855
369 881
369 896
369 943
369 995
370 194
370 213
370 235
370 256
370 280
370 303
370 419
370 549
370 720
370 726
370 739
371 76
371 172
371 207
371 214
371 293
371 405
371 504
371 738
371 787
371 879
371 979
372 4
372 25
372 223
372 340
372 456
372 543
372 837
373 18
373 118
373 197
373 273
373 307
373 310
373 322
373 323
373 412
373 446
373 464
373 553
373 738
373 754
373 815
373 828
373 848
373 851
373 863
373 865
373 942
374 15
374 35
374 39
374 130
374 181
374 346
374 394
374 424
374 482
374 715
374 785
374 841
374 880
374 883
374 894
374 911
375 251
375 584
375 666
375 678
375 684
375 701
375 721
375 775
375 881
375 915
376 15
376 79
376 205
376 210
376 350
376 646
376 705
376 709
376 741
376 797
376 970
376 978
377 37
377 77
377 159
377 258
377 344
377 610
377 721
377 905
377 928
378 118
378 195
378 263
378 447
378 519
378 563
378 585
378 805
378 953
379 80
379 81
379 294
379 337
379 472
379 572
379 798
379 821
379 870
379 955
380 31
380 187
380 246
380 280
380 337
380 518
380 550
380 612
380 727
380 806
381 2
381 16
381 32
381 153
381 197
381 221
381 321
381 432
381 565
381 609
381 856
382 99
382 144
382 181
382 238
382 472
382 644
382 669
382 682
382 735
382 894
383 70
383 76
383 257
383 370
383 425
383 754
383 755
383 788
383 799
384 23
384 166
384 208
384 248
384 300
384 348
384 481
384 578
384 590
384 594
384 604
384 798
384 828
384 867
384 881
384 882
385 79
385 96
385 154
385 285
385 326
385 327
385 425
385 504
385 583
385 610
385 763
385 911
386 32
386 180
386 187
386 312
386 319
386 542
386 550
386 685
386 909
387 5
387 263
387 267
387 374
387 397
387 447
387 461
387 774
387 791
387 827
388 212
388 454
388 521
388 875
388 915
389 48
389 240
389 427
389 438
389 565
389 632
389 649
389 695
389 816
389 970
390 130
390 153
390 196
390 284
390 290
390 293
390 731
390 748
390 753
390 798
390 901
391 46
391 143
391 190
391 192
391 635
391 691
391 779
391 951
392 30
392 32
392 52
392 77
392 147
392 274
392 469
392 669
392 688
392 724
392 810
392 871
392 985
393 2
393 80
393 132
393 230
393 668
393 750
393 851
393 852
393 941
394 86
394 160
394 234
394 237
394 274
394 303
394 363
394 755
394 783
395 116
395 131
395 139
395 187
395 585
395 777
395 821
395 826
395 922
396 77
396 85
396 171
396 271
396 291
396 311
396 402
396 639
396 701
396 892
397 46
397 141
397 207
397 269
397 270
397 378
397 586
397 612
397 646
397 900
398 344
398 354
398 460
398 477
398 652
398 730
398 923
399 240
399 774
399 795
399 835
399 856
400 98
400 101
400 308
400 337
400 392
400 500
400 631
400 647
400 808
400 852
400 871
400 875
400 936
401 34
401 113
401 248
401 364
401 424
401 554
402 67
402 206
402 349
402 354
402 432
402 448
402 483
402 552
402 567
402 759
402 785
402 800
402 886
402 951
403 352
403 557
403 560
403 595
403 764
403 781
403 799
403 921
403 937
404 150
404 159
404 293
404 320
404 371
404 491
404 503
404 545
404 719
404 757
404 847
404 862
404 926
404 938
405 151
405 185
405 334
405 354
405 358
405 409
405 481
405 570
405 667
405 746
405 804
406 364
406 608
406 814
406 828
407 123
407 124
407 308
407 585
407 591
407 623
407 679
407 698
407 728
407 744
407 859
408 384
408 389
408 609
408 622
408 734
408 872
408 897
408 925
408 956
409 185
409 202
409 211
409 217
409 355
409 515
409 793
409 831
409 904
409 952
410 56
410 201
410 231
410 647
410 736
410 790
410 804
410 844
410 872
411 38
411 133
411 406
411 423
411 459
411 663
411 667
411 864
411 880
411 899
411 940
412 242
412 322
412 456
412 702
413 87
413 127
413 158
413 170
413 245
413 345
413 422
413 473
413 494
413 929
413 988
414 179
414 228
414 269
414 438
414 489
414 626
414 740
414 795
414 814
415 30
415 45
415 58
415 132
415 183
415 198
415 515
415 531
415 841
415 954
416 198
416 211
416 218
416 348
416 399
416 427
416 488
416 718
416 848
416 923
416 946
416 961
417 2
417 135
417 161
417 205
417 324
417 563
417 627
418 4
418 18
418 90
418 287
418 671
418 721
418 739
418 885
418 921
419 120
419 148
419 180
419 358
419 368
419 387
419 488
419 540
419 609
419 683
419 715
419 738
419 779
419 857
420 66
420 153
420 268
420 292
420 466
420 821
420 888
420 914
421 1
421 112
421 211
421 229
421 332
421 361
421 642
421 686
421 756
421 778
421 804
421 811
422 69
422 267
422 289
422 298
422 457
422 588
422 677
422 710
422 909
422 933
423 106
423 342
423 499
423 620
423 709
424 7
424 334
424 374
424 724
424 733
425 60
425 77
425 148
425 220
425 383
425 384
425 478
425 479
425 490
425 636
425 641
425 642
425 706
425 813
426 42
426 106
426 250
426 358
426 611
426 675
426 733
426 770
426 947
426 951
426 960
427 107
427 202
427 242
427 410
427 493
427 838
427 971
428 59
428 190
428 572
428 687
429 230
429 271
429 542
429 562
429 609
429 659
429 758
430 105
430 113
430 406
430 435
430 491
430 723
430 810
430 845
430 943
431 5
431 197
431 219
431 355
431 463
431 537
431 712
431 771
431 848
432 54
432 91
432 136
432 435
432 526
432 566
432 703
432 714
432 753
432 860
432 862
432 900
432 961
432 988
433 3
433 143
433 579
433 604
433 803
433 833
433 906
433 938
434 69
434 79
434 316
434 623
434 646
434 675
434 743
434 930
435 43
435 45
435 129
435 423
435 742
435 778
435 802
435 827
435 842
435 867
435 973
436 19
436 243
436 247
436 321
436 568
436 805
436 826
436 920
437 79
437 147
437 172
437 355
437 413
437 528
437 548
437 574
437 733
437 742
437 809
437 857
438 39
438 57
438 194
438 248
438 265
438 500
438 594
438 617
438 730
438 740
438 840
438 854
438 881
439 376
439 379
439 613
439 774
439 923
440 108
440 301
440 340
440 413
440 450
440 460
440 560
440 612
440 738
440 797
440 900
440 962
441 108
441 129
441 184
441 338
441 494
441 496
441 569
441 587
441 685
441 717
441 795
441 856
441 904
441 946
442 159
442 325
442 378
442 434
442 807
443 71
443 325
443 431
443 769
443 783
443 832
444 58
444 103
444 145
444 147
444 201
444 215
444 325
444 464
444 467
444 518
444 559
444 574
444 590
444 660
444 671
444 708
444 915
444 922
444 972
445 248
445 300
445 342
445 371
445 573
445 718
445 899
445 903
445 935
446 167
446 171
446 207
446 227
446 265
446 310
446 470
446 556
446 909
447 318
447 331
447 356
447 459
447 818
448 125
448 415
448 434
448 602
448 647
448 704
448 853
449 5
449 116
449 320
449 409
449 502
449 582
449 599
449 637
449 735
449 960
450 58
450 122
450 360
450 507
450 523
450 611
450 641
450 670
450 676
450 870
450 1000
451 87
451 107
451 160
451 278
451 305
451 323
451 328
451 918
452 129
452 158
452 171
452 459
452 573
452 950
452 972
452 991
452 997
453 64
453 172
453 173
453 181
453 259
453 401
453 525
453 609
453 736
453 894
453 982
453 988
454 19
454 30
454 38
454 248
454 259
454 292
454 300
454 373
454 490
454 501
454 515
454 525
454 623
454 635
454 639
454 679
454 855
454 936
454 938
454 940
454 1000
455 171
455 286
455 293
455 362
455 410
455 540
455 682
455 698
456 273
456 401
456 592
456 615
456 889
457 3
457 223
457 296
457 416
457 484
457 585
457 801
457 880
457 994
458 98
458 452
458 480
458 717
459 41
459 194
459 213
459 340
459 342
459 474
459 536
459 736
459 771
459 837
460 13
460 158
460 267
460 301
460 522
460 578
460 718
460 799
460 824
460 953
461 16
461 72
461 115
461 161
461 169
461 219
461 335
461 471
461 559
461 732
461 945
462 23
462 46
462 281
462 368
462 491
462 636
462 646
462 695
462 720
462 780
462 802
463 225
463 405
463 512
463 527
463 683
463 714
463 779
463 885
463 951
464 38
464 95
464 193
464 213
464 291
464 342
464 360
464 363
464 407
464 438
464 501
464 635
464 636
464 648
464 677
464 715
464 799
464 942
464 988
464 997
465 149
465 187
465 198
465 348
465 471
465 533
465 960
466 132
466 180
466 204
466 294
466 314
466 324
466 437
466 537
466 725
466 795
466 941
467 168
467 218
467 249
467 291
467 294
467 412
467 419
467 846
467 901
468 17
468 270
468 461
468 512
468 653
468 753
468 870
469 20
469 294
469 305
469 443
469 515
469 519
469 720
469 897
469 942
469 963
470 19
470 35
470 85
470 97
470 138
470 174
470 244
470 366
470 387
470 464
470 574
470 608
470 619
470 729
470 739
470 760
471 69
471 109
471 343
471 429
471 451
471 724
472 24
472 184
472 497
472 545
472 623
472 678
472 707
472 795
472 832
472 939
473 89
473 107
473 117
473 133
473 144
473 181
473 275
473 392
473 486
473 745
473 813
473 880
473 942
474 46
474 377
474 445
474 467
474 505
474 525
474 616
474 626
474 683
474 686
474 741
474 786
474 850
474 953
475 410
475 467
475 671
475 682
475 727
475 776
475 825
475 991
476 73
476 77
476 130
476 191
476 193
476 283
476 344
476 403
476 437
476 545
476 671
477 78
477 263
477 347
477 524
477 547
477 645
477 742
477 844
477 981
478 2
478 170
478 349
478 570
478 714
479 17
479 221
479 288
479 539
479 613
479 697
480 49
480 81
480 133
480 143
480 174
480 177
480 190
480 391
480 606
480 640
480 761
480 869
480 963
481 145
481 311
481 312
481 325
481 651
481 822
481 829
481 883
481 903
481 926
481 963
482 80
482 82
482 335
482 387
482 513
482 646
482 690
482 726
482 765
482 868
483 60
483 396
483 551
483 609
483 655
483 798
483 828
484 44
484 83
484 324
484 346
484 369
484 411
484 669
484 714
485 111
485 186
485 574
485 661
485 734
485 761
486 91
486 127
486 153
486 232
486 323
486 424
486 425
486 483
486 712
486 790
487 34
487 244
487 632
487 649
487 729
487 861
488 39
488 180
488 287
488 355
488 527
488 592
488 706
488 972
489 21
489 52
489 59
489 113
489 138
489 142
489 443
489 453
489 736
489 778
489 863
489 886
489 918
489 947
489 983
490 121
490 140
490 164
490 286
490 304
490 355
490 440
490 478
490 511
490 554
490 760
490 910
490 989
491 82
491 107
491 109
491 183
491 334
491 357
491 359
491 395
491 435
491 483
491 522
491 916
491 925
492 196
492 309
492 390
492 471
492 518
492 558
492 578
492 645
492 765
493 3
493 96
493 225
493 308
493 316
493 334
493 342
493 483
493 524
493 565
493 579
493 682
493 743
493 777
493 910
493 930
494 85
494 268
494 401
494 596
494 640
494 660
494 923
495 76
495 176
495 218
495 271
495 436
495 465
495 466
495 527
495 548
495 661
495 662
495 887
496 72
496 326
496 341
496 762
496 975
496 987
497 11
497 369
497 486
497 643
497 822
497 885
498 12
498 16
498 77
498 92
498 178
498 394
498 420
498 451
498 564
498 580
498 601
498 627
498 996
499 3
499 48
499 117
499 168
499 405
499 429
499 446
499 558
499 576
499 588
499 590
499 671
499 833
499 913
499 967
500 72
500 159
500 199
500 258
500 306
500 421
500 686
500 820
500 923
500 996
501 37
501 100
501 226
501 268
501 317
501 408
501 515
501 566
501 587
501 634
501 699
501 718
501 772
501 839
502 97
502 122
502 167
502 178
502 187
502 204
502 234
502 280
502 646
502 698
502 785
502 809
503 229
503 248
503 253
503 270
503 411
503 427
503 772
503 846
503 958
504 275
504 295
504 362
504 499
504 564
504 651
504 757
504 759
504 785
505 67
505 263
505 351
505 357
505 431
505 458
505 459
505 556
505 630
505 648
505 853
505 904
505 918
505 929
506 86
506 256
506 290
506 295
506 352
506 416
506 443
506 724
506 894
507 47
507 99
507 148
507 183
507 232
507 290
507 313
507 392
507 416
507 526
507 715
507 880
508 34
508 301
508 344
508 479
508 503
508 829
508 902
508 945
509 462
509 547
509 587
509 812
510 209
510 259
510 351
510 524
510 619
510 817
510 883
510 945
511 23
511 275
511 280
511 304
511 311
511 513
511 523
511 532
511 595
511 611
511 744
511 815
511 941
512 13
512 322
512 522
512 633
512 753
512 889
513 24
513 168
513 288
513 342
513 356
513 446
513 464
513 580
513 811
513 913
513 973
514 170
514 206
514 300
514 718
514 721
514 783
514 883
515 152
515 349
515 367
515 578
515 592
515 754
515 831
515 1000
516 102
516 170
516 174
516 227
516 432
516 579
516 706
516 748
516 913
517 58
517 222
517 381
517 481
517 508
517 533
517 805
517 917
517 984
518 53
518 115
518 116
518 316
518 417
518 506
518 698
518 734
518 811
518 852
518 902
518 920
519 27
519 113
519 123
519 291
519 348
519 416
519 516
519 655
519 658
519 667
519 715
519 744
519 758
519 860
519 911
519 912
520 241
520 377
520 499
520 620
520 642
520 755
520 788
521 158
521 263
521 385
521 411
521 545
521 615
521 620
521 786
521 828
521 867
521 983
521 992
522 38
522 52
522 62
522 256
522 269
522 414
522 554
522 805
522 856
522 874
522 878
522 967
522 977
523 295
523 316
523 576
523 605
523 662
523 712
523 721
523 802
523 860
523 865
523 889
523 943
523 977
524 20
524 199
524 429
524 554
524 566
524 645
524 755
524 779
524 793
524 809
524 920
525 55
525 105
525 189
525 209
525 538
525 594
525 641
525 728
525 744
525 804
525 842
525 916
525 945
526 33
526 59
526 111
526 116
526 247
526 435
526 457
526 465
526 588
526 668
526 710
526 727
526 839
526 845
527 52
527 439
527 625
527 632
527 653
527 680
527 741
527 854
527 904
527 957
527 971
528 54
528 77
528 202
528 225
528 360
528 665
528 862
528 875
528 930
529 90
529 489
529 516
529 800
530 92
530 197
530 204
530 210
530 232
530 364
530 444
530 499
530 954
531 18
531 95
531 166
531 307
531 353
531 401
531 671
531 775
531 846
531 988
532 60
532 90
532 306
532 315
532 336
532 358
532 367
532 368
532 451
532 560
532 564
532 570
532 946
533 79
533 94
533 174
533 222
533 432
533 439
533 579
533 679
533 873
533 905
533 945
534 98
534 102
534 252
534 256
534 293
534 578
534 648
534 697
534 749
534 792
534 824
534 896
535 177
535 437
535 470
535 606
535 782
535 804
535 906
535 935
536 556
536 622
536 668
536 918
537 312
537 687
537 766
537 801
537 853
537 892
538 40
538 119
538 286
538 307
538 536
538 667
538 732
538 734
538 930
538 953
538 963
538 994
539 101
539 586
539 831
539 888
540 2
540 139
540 154
540 232
540 312
540 365
540 397
540 504
540 557
540 604
540 634
540 936
541 19
541 87
541 341
541 567
541 831
541 869
541 901
541 913
541 966
542 68
542 264
542 365
542 475
542 502
542 528
542 678
542 703
542 972
543 58
543 93
543 120
543 128
543 340
543 350
543 428
543 510
543 531
543 806
543 908
544 4
544 48
544 89
544 110
544 186
544 230
544 284
544 386
544 447
544 590
544 919
544 924
545 221
545 339
545 354
545 634
545 768
545 779
545 912
546 35
546 254
546 544
546 591
546 638
546 698
547 261
547 286
547 416
547 441
547 445
548 37
548 305
548 619
548 712
548 733
548 788
548 815
548 832
548 980
548 992
549 15
549 120
549 195
549 230
549 458
549 511
549 550
550 246
550 303
550 400
550 444
550 527
550 621
550 717
550 939
551 18
551 31
551 358
551 416
551 451
551 501
551 834
551 970
552 156
552 236
552 323
552 339
552 455
552 549
552 616
552 628
552 632
552 688
552 785
552 874
552 893
553 21
553 54
553 316
553 394
553 508
553 603
553 691
553 825
554 38
554 51
554 199
554 366
554 414
554 482
554 489
554 493
554 772
554 886
554 972
555 27
555 53
555 233
555 258
555 305
555 496
555 499
555 518
555 523
555 886
555 916
555 1000
556 63
556 266
556 443
556 602
556 631
556 663
556 711
556 732
556 924
557 277
557 613
557 697
557 710
557 750
557 822
557 852
557 898
558 108
558 221
558 284
558 291
558 298
558 313
558 337
558 588
558 682
558 753
558 774
559 380
559 468
559 478
559 524
559 689
559 777
559 789
559 803
559 820
559 831
559 926
560 174
560 200
560 294
560 444
560 495
560 602
560 723
560 823
560 859
561 83
561 230
561 325
561 341
561 359
561 373
561 536
561 664
561 731
561 997
562 162
562 269
562 362
562 444
562 492
562 558
562 623
562 632
562 643
562 676
562 684
562 712
562 776
562 785
562 860
562 863
562 898
563 26
563 53
563 105
563 461
563 518
563 587
563 646
563 656
564 211
564 388
564 764
564 939
564 953
564 979
565 75
565 101
565 224
565 449
565 464
565 542
565 631
565 634
565 782
565 795
565 902
566 33
566 392
566 399
566 434
566 499
566 532
566 580
566 844
567 84
567 103
567 132
567 283
567 363
567 368
567 514
567 534
567 699
567 953
568 14
568 83
568 121
568 238
568 435
568 451
568 606
568 661
568 703
568 855
568 913
568 957
569 122
569 137
569 145
569 146
569 193
569 255
569 417
569 433
569 489
569 643
569 652
569 668
569 763
569 889
569 936
569 981
569 995
570 142
570 146
570 209
570 288
570 495
570 716
570 791
571 180
571 419
571 525
571 656
571 696
571 739
571 842
572 46
572 207
572 364
572 458
572 662
572 818
572 847
573 97
573 187
573 436
573 691
573 785
573 801
573 867
573 952
574 21
574 43
574 110
574 132
574 191
574 244
574 245
574 279
574 395
574 757
574 846
574 923
575 14
575 116
575 229
575 321
575 426
575 484
575 521
575 562
575 569
575 684
575 855
576 57
576 105
576 207
576 237
576 342
576 466
576 486
576 773
576 812
576 926
577 49
577 146
577 170
577 285
577 375
577 441
577 651
577 670
577 735
577 819
578 99
578 286
578 529
578 712
578 724
578 807
578 846
578 851
578 891
579 3
579 68
579 164
579 215
579 304
579 349
579 554
579 613
579 789
579 822
579 891
579 967
579 969
580 7
580 13
580 132
580 137
580 139
580 152
580 251
580 340
580 487
580 490
580 653
580 728
580 742
580 892
580 967
581 109
581 246
581 261
581 764
581 908
581 944
581 956
581 999
582 27
582 29
582 52
582 60
582 67
582 184
582 219
582 381
582 480
582 535
582 566
582 855
582 943
583 7
583 186
583 229
583 315
583 527
583 581
583 681
583 694
583 907
584 9
584 155
584 214
584 323
584 505
584 548
584 615
584 690
584 720
584 814
584 885
584 895
584 997
585 10
585 52
585 228
585 327
585 331
585 532
585 533
585 549
585 668
585 757
585 924
585 984
586 172
586 191
586 352
586 751
586 778
586 781
586 979
587 108
587 197
587 358
587 473
587 719
587 804
588 133
588 294
588 301
588 314
588 321
588 560
588 814
588 918
588 945
589 79
589 302
589 313
589 364
589 501
589 630
589 655
589 770
589 878
590 26
590 34
590 190
590 202
590 315
590 523
590 531
590 540
590 737
590 919
590 992
591 62
591 79
591 184
591 530
591 697
591 919
592 69
592 152
592 222
592 298
592 339
592 575
592 640
592 737
592 768
592 792
592 958
592 994
593 2
593 124
593 261
593 430
593 784
594 221
594 283
594 310
594 327
594 549
594 563
594 586
594 645
594 646
595 89
595 144
595 508
595 553
595 644
595 663
595 769
595 860
596 45
596 118
596 125
596 176
596 206
596 263
596 286
596 429
596 584
596 859
596 912
597 105
597 175
597 223
597 387
597 404
597 497
597 665
597 874
597 939
598 143
598 157
598 177
598 209
598 264
598 327
598 354
598 380
598 382
598 423
598 534
598 736
598 743
598 900
598 956
599 48
599 66
599 110
599 263
599 297
599 300
599 387
599 541
599 579
599 619
599 653
599 797
599 863
599 950
599 970
599 973
600 83
600 141
600 193
600 235
600 436
600 453
600 603
600 870
600 887
600 933
601 52
601 240
601 245
601 585
601 711
601 715
601 729
601 823
601 855
601 967
602 155
602 183
602 228
602 274
602 336
602 450
602 464
602 596
602 770
602 772
602 798
602 824
602 854
602 934
602 983
602 996
603 55
603 80
603 88
603 227
603 280
603 567
603 590
603 619
603 635
603 819
603 910
604 225
604 421
604 455
604 627
604 699
604 785
604 845
604 852
604 926
605 64
605 92
605 148
605 152
605 161
605 268
605 391
605 683
605 819
605 904
606 30
606 34
606 104
606 162
606 333
606 413
606 836
606 958
607 210
607 483
607 531
607 585
607 767
607 772
607 810
607 987
608 14
608 80
608 243
608 338
608 372
608 587
608 655
608 940
608 985
609 9
609 78
609 129
609 136
609 171
609 199
609 269
609 386
609 492
609 593
609 597
609 636
609 745
609 971
610 104
610 159
610 291
610 302
610 364
610 457
610 733
610 795
611 51
611 106
611 117
611 219
611 225
611 295
611 334
611 349
611 380
611 545
611 648
611 832
611 903
612 167
612 315
612 547
612 668
612 792
612 899
612 900
613 1
613 87
613 293
613 589
613 615
613 646
613 666
613 855
613 879
613 974
614 69
614 120
614 288
614 310
614 434
614 509
614 671
614 801
614 875
614 901
615 20
615 133
615 144
615 256
615 322
615 494
615 815
615 825
615 836
616 74
616 363
616 444
616 581
616 606
616 613
616 743
616 764
616 838
616 919
616 921
617 185
617 188
617 269
617 284
617 293
617 327
617 584
617 650
617 690
617 735
617 894
617 927
618 14
618 32
618 356
618 460
618 476
618 632
618 674
619 110
619 298
619 423
619 550
619 557
619 573
619 659
619 703
619 755
619 785
619 866
620 282
620 333
620 621
620 641
620 704
620 871
620 905
620 910
620 943
621 129
621 156
621 290
621 302
621 343
621 449
621 516
622 157
622 182
622 192
622 223
622 298
622 387
622 424
622 438
622 475
622 607
622 729
622 806
622 841
622 893
622 896
622 898
622 900
622 926
622 939
623 166
623 216
623 300
623 360
623 445
623 502
623 530
623 691
623 740
623 909
623 944
624 7
624 35
624 38
624 180
624 229
624 352
624 394
624 550
624 561
624 568
624 694
624 946
624 980
624 991
625 255
625 338
625 570
625 571
625 655
625 769
625 794
626 315
626 587
626 816
626 954
627 180
627 284
627 544
627 644
627 704
627 757
627 917
627 927
627 952
628 12
628 16
628 22
628 32
628 109
628 147
628 300
628 494
628 653
628 658
628 869
628 945
629 47
629 61
629 129
629 273
629 413
629 480
629 578
629 608
629 771
629 832
629 857
629 905
630 18
630 122
630 156
630 235
630 248
630 512
630 653
630 712
630 836
631 129
631 155
631 244
631 438
631 494
631 600
631 686
631 778
631 840
631 921
632 243
632 379
632 531
632 575
632 754
632 777
632 786
632 830
632 873
632 894
632 952
632 981
633 64
633 84
633 324
633 427
633 480
633 572
633 625
633 868
633 898
634 9
634 34
634 147
634 201
634 322
634 426
634 536
634 563
634 737
634 935
635 17
635 173
635 236
635 384
635 386
635 499
635 557
635 670
635 747
635 842
636 7
636 44
636 132
636 301
636 402
636 613
636 642
636 707
636 898
636 999
637 5
637 140
637 178
637 241
637 446
637 459
637 825
637 890
637 896
638 106
638 117
638 295
638 371
638 534
638 712
638 763
638 816
638 889
639 89
639 246
639 364
639 369
639 388
639 516
639 596
639 874
639 919
639 950
640 318
640 617
640 661
640 665
640 788
640 824
640 914
640 948
641 27
641 92
641 99
641 133
641 451
641 475
641 502
641 729
641 787
641 910
642 49
642 77
642 130
642 372
642 373
642 415
642 501
642 745
642 805
642 939
643 181
643 194
643 214
643 245
643 262
643 359
643 531
643 567
643 650
643 653
643 841
643 865
644 45
644 69
644 84
644 250
644 340
644 428
644 530
644 546
644 619
644 766
644 915
645 78
645 183
645 202
645 302
645 309
645 355
645 369
645 447
645 563
645 606
645 678
645 682
645 719
645 814
645 829
646 10
646 267
646 311
646 475
646 538
646 861
646 991
647 56
647 88
647 89
647 135
647 155
647 205
647 298
647 457
647 545
647 898
647 924
648 98
648 157
648 262
648 315
648 398
648 448
648 485
648 506
648 574
648 622
648 900
649 90
649 112
649 170
649 273
649 285
649 430
649 929
650 71
650 93
650 101
650 405
650 546
650 561
650 734
650 765
650 821
650 836
650 918
650 956
651 63
651 75
651 156
651 162
651 187
651 320
651 359
651 365
651 384
651 470
651 575
651 881
652 4
652 140
652 173
652 416
652 421
652 607
652 615
652 627
652 759
652 941
653 10
653 257
653 439
653 504
653 577
653 597
653 642
653 683
653 991
653 1000
654 277
654 369
654 432
654 620
654 854
655 7
655 126
655 163
655 210
655 264
655 316
655 547
655 638
655 693
655 873
655 893
655 916
655 944
656 179
656 285
656 398
656 543
656 578
656 686
656 721
656 783
656 910
656 919
657 4
657 110
657 145
657 218
657 238
657 424
657 473
657 488
657 659
657 844
657 927
657 937
658 183
658 304
658 386
658 489
658 546
658 748
658 774
658 776
658 935
659 67
659 253
659 455
659 469
659 537
659 772
659 796
659 805
659 812
659 839
659 886
659 999
660 28
660 56
660 170
660 246
660 291
660 351
660 525
660 587
660 647
660 774
660 945
660 957
661 5
661 109
661 170
661 221
661 285
661 380
661 392
661 564
661 639
661 664
661 784
661 858
661 943
661 954
661 962
662 35
662 82
662 110
662 317
662 463
662 597
662 692
662 727
662 744
662 871
662 896
662 908
662 962
663 108
663 230
663 298
663 409
663 454
663 476
663 598
663 806
663 808
663 956
664 277
664 529
664 573
664 759
664 795
665 27
665 32
665 56
665 342
665 382
665 387
665 402
665 413
665 495
665 520
665 538
665 688
665 932
665 958
666 290
666 519
666 616
666 710
666 738
666 768
666 810
666 993
667 49
667 69
667 122
667 200
667 338
667 377
667 379
667 409
667 463
667 843
667 862
668 39
668 78
668 143
668 374
668 463
668 793
668 820
668 825
668 919
668 937
669 29
669 276
669 501
669 520
669 538
669 606
669 634
669 894
670 18
670 48
670 109
670 374
670 942
671 128
671 153
671 274
671 340
671 351
671 408
671 486
671 659
671 665
671 928
671 949
671 951
672 28
672 131
672 161
672 386
672 396
672 440
672 573
672 591
672 712
673 15
673 31
673 47
673 343
673 574
673 632
673 658
673 907
673 957
674 288
674 309
674 338
674 373
674 422
674 424
674 722
674 728
674 932
675 21
675 390
675 407
675 493
675 531
675 738
675 855
675 864
676 140
676 275
676 456
676 677
676 980
677 95
677 181
677 315
677 341
677 427
677 458
677 531
677 609
677 779
677 818
677 875
677 884
677 914
678 103
678 231
678 279
678 308
678 384
678 385
678 396
678 405
678 525
678 530
678 837
678 849
678 875
678 916
678 985
679 33
679 121
679 305
679 417
679 583
679 620
679 631
679 636
679 736
679 805
679 949
679 951
679 969
679 977
679 995
680 380
680 591
680 825
680 833
680 849
680 890
680 894
680 950
680 968
681 90
681 383
681 393
681 395
681 571
681 873
681 885
681 930
682 44
682 110
682 543
682 632
682 689
682 785
682 813
682 860
682 963
683 14
683 267
683 352
683 437
683 786
683 852
683 951
684 44
684 283
684 395
684 408
684 568
684 592
684 668
684 672
684 769
684 794
684 941
685 17
685 171
685 400
685 496
685 548
685 641
685 710
685 952
686 136
686 322
686 401
686 659
686 707
686 845
686 916
686 994
687 128
687 179
687 446
687 449
687 650
687 801
687 900
688 19
688 38
688 121
688 187
688 229
688 304
688 340
688 406
688 581
688 700
688 705
688 739
688 813
688 965
689 108
689 238
689 273
689 291
689 434
689 473
689 682
689 743
689 767
689 810
689 848
689 888
689 1000
690 76
690 148
690 198
690 369
690 390
690 527
690 713
690 740
690 775
690 938
690 944
691 253
691 466
691 582
691 618
691 631
691 680
692 50
692 68
692 74
692 132
692 170
692 233
692 342
692 586
692 589
692 700
692 713
692 781
693 82
693 337
693 425
693 429
693 470
693 603
693 637
693 761
693 838
693 843
693 935
693 974
694 89
694 201
694 357
694 358
694 452
694 515
694 668
694 698
694 709
694 760
694 865
695 47
695 144
695 268
695 463
695 510
695 645
695 706
695 765
695 937
695 963
696 49
696 143
696 266
696 276
696 444
696 544
696 628
696 944
696 953
696 984
696 992
697 96
697 175
697 373
697 437
697 540
697 549
697 603
697 819
697 958
698 93
698 203
698 317
698 470
698 747
698 754
698 995
699 11
699 182
699 291
699 386
699 607
699 620
699 673
699 862
699 873
699 927
700 70
700 93
700 202
700 244
700 449
700 454
700 559
700 580
700 633
700 781
700 854
700 893
700 948
701 135
701 192
701 263
701 264
701 456
701 486
701 504
701 856
701 877
702 100
702 299
702 329
702 820
702 940
703 153
703 175
703 430
703 452
703 580
703 604
703 808
703 929
703 956
704 17
704 174
704 435
704 596
704 699
704 726
704 830
704 961
704 989
705 84
705 561
705 698
705 918
705 932
706 87
706 113
706 152
706 543
706 551
706 712
707 116
707 120
707 168
707 232
707 554
707 654
707 790
707 821
707 838
707 875
707 976
708 94
708 150
708 179
708 205
708 226
708 231
708 545
708 704
708 709
709 45
709 79
709 91
709 99
709 299
709 450
709 505
709 571
709 733
709 806
710 19
710 58
710 109
710 157
710 258
710 265
710 343
710 423
710 435
710 487
710 611
710 631
710 686
710 769
710 837
710 925
711 8
711 25
711 53
711 189
711 681
711 698
711 707
711 738
711 750
711 800
711 951
712 72
712 185
712 227
712 238
712 309
712 842
713 134
713 328
713 345
713 442
713 459
713 481
713 583
713 588
713 596
713 707
713 756
713 895
713 960
714 5
714 95
714 123
714 288
714 323
714 417
714 650
714 738
714 999
715 32
715 87
715 462
715 492
715 742
715 746
716 14
716 120
716 246
716 312
716 435
716 661
716 813
716 904
716 910
717 37
717 57
717 266
717 305
717 375
717 430
717 454
717 595
717 716
717 784
718 6
718 16
718 200
718 374
718 550
718 639
718 765
718 776
718 816
718 940
718 979
719 12
719 24
719 28
719 102
719 107
719 170
719 267
719 371
719 482
719 506
719 590
719 753
719 964
720 5
720 60
720 315
720 316
720 319
720 356
720 461
720 525
720 685
720 730
720 944
720 966
721 1
721 62
721 94
721 98
721 227
721 505
721 639
721 701
721 904
721 923
721 997
722 100
722 126
722 179
722 192
722 280
722 300
722 343
722 418
722 431
722 529
722 531
722 642
722 646
722 695
722 719
722 810
722 949
723 4
723 71
723 201
723 245
723 286
723 302
723 387
723 511
723 532
723 613
723 779
723 807
723 918
724 232
724 267
724 482
724 609
725 236
725 294
725 518
725 540
725 728
725 735
725 750
725 816
726 5
726 115
726 122
726 140
726 231
726 243
726 322
726 407
726 524
726 542
726 695
726 801
726 821
726 824
726 859
726 869
726 971
727 144
727 147
727 203
727 630
727 711
727 791
727 990
728 88
728 157
728 287
728 385
728 521
728 533
728 624
728 770
728 787
729 91
729 147
729 231
729 339
729 574
729 676
729 807
730 148
730 324
730 399
730 423
730 424
730 589
730 613
730 622
730 649
730 661
730 780
730 832
730 885
730 961
731 324
731 331
731 502
731 618
731 624
731 635
731 715
731 754
731 859
731 886
731 900
731 984
732 322
732 399
732 585
732 615
732 877
732 958
732 981
733 40
733 145
733 249
733 253
733 263
733 265
733 351
733 384
733 416
733 528
733 628
733 692
733 713
733 816
733 905
733 985
734 172
734 236
734 380
734 478
734 488
734 547
734 601
734 625
734 661
734 701
734 743
734 824
734 835
734 843
734 948
734 960
735 82
735 304
735 437
735 542
735 644
735 669
735 699
735 957
736 63
736 95
736 144
736 150
736 408
736 488
736 507
736 546
736 549
736 560
736 608
736 656
736 862
736 892
736 911
737 8
737 66
737 73
737 206
737 211
737 323
737 339
737 414
737 437
737 520
737 560
737 662
737 720
737 892
737 965
738 91
738 113
738 125
738 159
738 257
738 517
738 519
738 570
738 615
738 710
738 949
738 968
739 187
739 253
739 330
739 333
739 407
739 602
739 708
739 796
739 873
739 894
740 62
740 152
740 170
740 193
740 231
740 516
740 605
740 684
740 732
740 750
740 829
740 896
741 29
741 108
741 252
741 554
741 599
741 636
741 657
742 123
742 164
742 236
742 337
742 393
742 709
742 771
742 885
743 131
743 198
743 291
743 443
743 548
743 601
743 662
743 851
743 959
744 95
744 168
744 574
744 604
744 649
744 880
745 40
745 171
745 199
745 230
745 298
745 507
745 510
745 610
745 619
745 641
745 643
745 877
745 992
746 4
746 159
746 239
746 278
746 384
746 398
746 457
746 542
746 544
746 546
746 558
746 578
746 657
746 846
746 848
746 856
746 872
747 82
747 90
747 122
747 126
747 230
747 235
747 269
747 317
747 469
747 580
747 655
747 755
747 938
748 62
748 184
748 194
748 218
748 321
748 355
748 392
748 556
748 612
748 623
748 638
748 743
748 817
749 217
749 272
749 297
749 324
749 422
749 529
749 602
749 721
749 747
749 788
750 35
750 93
750 122
750 250
750 308
750 340
750 366
750 391
750 408
750 425
750 521
750 582
750 652
750 963
751 50
751 163
751 286
751 333
751 505
751 521
751 585
751 660
751 749
751 752
751 795
751 900
751 926
752 66
752 209
752 353
752 472
752 596
752 683
752 759
752 791
753 183
753 256
753 364
753 482
753 500
753 537
753 725
753 733
753 937
754 62
754 78
754 270
754 283
754 358
754 448
754 463
754 514
754 606
754 631
754 955
755 218
755 240
755 424
755 483
755 557
755 736
755 963
756 64
756 74
756 82
756 102
756 282
756 460
756 526
756 642
756 750
756 869
756 906
757 8
757 134
757 202
757 229
757 349
757 542
757 584
757 753
757 761
757 925
758 51
758 269
758 615
758 831
758 863
758 913
758 963
759 69
759 81
759 207
759 286
759 652
759 905
760 31
760 46
760 164
760 218
760 392
760 525
760 584
760 597
760 663
761 40
761 369
761 375
761 549
761 613
761 733
761 922
762 45
762 74
762 79
762 130
762 309
762 345
762 518
762 683
762 709
762 856
763 37
763 107
763 118
763 284
763 410
763 707
763 712
763 862
764 151
764 230
764 534
764 720
764 844
765 438
765 488
765 561
765 603
765 934
765 992
766 30
766 528
766 561
766 597
766 785
767 164
767 305
767 387
767 421
767 465
767 654
767 760
767 773
767 884
767 897
768 179
768 373
768 476
768 527
768 827
768 839
768 870
769 120
769 135
769 271
769 440
769 510
769 579
769 658
769 669
769 749
769 807
769 814
769 829
770 149
770 204
770 270
770 366
770 409
770 472
770 492
770 640
770 697
770 862
770 995
771 12
771 164
771 224
771 240
771 335
771 403
771 502
771 746
771 853
772 318
772 404
772 412
772 414
772 447
772 724
772 838
772 893
773 80
773 317
773 326
773 420
773 439
773 664
773 687
773 832
773 955
774 308
774 454
774 475
774 560
774 856
774 924
775 42
775 71
775 328
775 341
775 571
775 572
775 628
775 723
775 824
775 946
776 9
776 102
776 157
776 184
776 316
776 488
776 495
776 527
776 536
776 679
776 718
776 769
776 940
777 251
777 289
777 359
777 457
777 468
777 550
777 617
777 646
777 928
778 5
778 39
778 222
778 769
778 821
778 833
778 939
779 5
779 77
779 190
779 455
779 467
779 574
779 861
779 907
779 953
780 272
780 291
780 582
780 628
780 663
780 764
780 773
780 837
780 841
780 906
781 88
781 107
781 246
781 366
781 388
781 451
781 493
781 717
781 780
781 820
781 825
781 829
781 851
782 213
782 215
782 603
782 636
782 810
782 821
783 21
783 197
783 260
783 351
783 410
783 463
783 588
783 599
783 632
783 988
784 257
784 271
784 284
784 371
784 719
784 722
785 230
785 510
785 562
785 803
785 864
786 15
786 101
786 169
786 343
786 347
786 387
786 404
786 457
786 544
786 704
786 730
786 840
787 58
787 280
787 340
787 496
787 648
787 685
787 717
787 778
788 125
788 186
788 283
788 516
788 541
788 564
788 637
788 652
788 777
788 947
788 965
789 21
789 82
789 83
789 168
789 244
789 245
789 351
789 449
789 452
789 458
789 633
789 905
790 49
790 122
790 139
790 424
790 438
790 516
790 520
790 595
790 735
790 848
790 891
791 224
791 316
791 323
791 340
791 518
791 559
791 604
791 806
791 916
792 16
792 71
792 72
792 122
792 226
792 320
792 343
792 544
792 708
792 727
792 730
792 860
793 157
793 312
793 672
793 683
793 698
793 709
793 863
794 10
794 157
794 207
794 274
794 519
794 532
794 556
794 567
794 725
794 748
794 756
794 815
794 965
795 389
795 499
795 711
795 754
795 768
795 892
796 142
796 199
796 274
796 279
796 283
796 378
796 587
796 954
796 965
797 4
797 37
797 151
797 176
797 196
797 214
797 272
797 304
797 320
797 461
797 574
797 726
797 959
798 12
798 70
798 93
798 112
798 258
798 597
798 635
798 759
798 768
798 789
798 850
798 940
799 99
799 105
799 118
799 191
799 232
799 460
799 470
799 522
799 531
799 822
799 852
799 899
799 928
800 291
800 383
800 466
800 688
800 694
800 806
800 916
801 207
801 257
801 291
801 374
801 431
801 648
801 703
801 960
802 4
802 138
802 226
802 333
802 492
802 512
802 545
802 662
802 702
802 809
803 142
803 184
803 293
803 294
803 332
803 359
803 572
803 685
803 813
803 846
803 882
803 883
803 900
804 94
804 99
804 329
804 384
804 484
804 588
804 622
804 738
804 746
804 750
804 888
805 124
805 233
805 253
805 255
805 400
805 517
805 607
805 702
805 788
805 889
805 949
805 976
806 51
806 177
806 201
806 395
806 984
807 76
807 141
807 382
807 601
807 723
807 738
807 743
807 766
807 884
808 10
808 118
808 208
808 476
808 480
808 562
808 728
808 756
808 819
808 861
809 36
809 218
809 279
809 484
809 591
809 659
809 686
809 743
809 779
809 903
809 940
809 966
809 970
809 974
809 992
810 20
810 28
810 41
810 47
810 240
810 392
810 420
810 427
810 481
810 491
810 598
810 759
810 928
811 10
811 116
811 193
811 210
811 214
811 258
811 443
811 606
811 854
811 855
811 906
811 971
812 10
812 62
812 199
812 424
812 481
812 482
812 603
812 716
812 818
812 886
812 988
813 60
813 191
813 221
813 245
813 266
813 351
813 392
813 547
813 552
813 564
813 586
813 710
813 913
813 993
814 233
814 344
814 427
814 587
814 626
814 705
814 714
814 833
815 80
815 345
815 500
815 716
815 797
815 802
815 982
816 85
816 491
816 514
816 515
816 618
816 684
816 730
816 781
816 868
816 904
816 970
816 989
817 81
817 182
817 568
817 603
817 682
817 732
817 752
817 791
817 804
817 814
817 900
817 932
817 993
818 88
818 92
818 146
818 186
818 197
818 355
818 585
818 645
818 738
819 105
819 123
819 179
819 301
819 596
819 611
819 732
819 912
819 988
820 208
820 250
820 287
820 413
820 418
820 513
820 522
820 721
820 819
820 848
820 964
820 984
821 54
821 103
821 213
821 306
821 498
821 526
821 619
821 703
821 949
821 975
822 257
822 324
822 370
822 374
822 607
822 665
822 675
822 699
822 700
822 790
823 209
823 398
823 516
823 793
824 69
824 81
824 105
824 127
824 168
824 256
824 283
824 622
824 773
824 963
824 996
825 164
825 212
825 568
825 634
825 687
825 781
825 899
825 998
826 79
826 85
826 125
826 162
826 392
826 460
826 474
826 515
826 734
826 767
826 784
826 874
827 126
827 134
827 158
827 220
827 378
827 668
827 779
827 866
827 909
827 961
828 136
828 545
828 845
828 975
829 118
829 297
829 492
829 662
829 748
829 781
829 817
829 846
830 7
830 53
830 108
830 215
830 289
830 791
831 36
831 115
831 260
831 530
831 636
831 640
831 684
831 979
831 981
832 43
832 54
832 167
832 223
832 420
832 493
832 511
832 548
832 640
832 735
832 754
832 763
832 985
833 138
833 157
833 280
833 479
833 581
833 963
833 966
834 295
834 400
834 431
834 451
834 479
834 652
834 694
834 748
834 769
834 813
834 849
834 852
834 886
835 146
835 271
835 276
835 366
835 547
835 733
836 57
836 281
836 350
836 435
836 668
836 894
836 938
837 85
837 239
837 281
837 393
837 401
837 450
837 622
837 744
837 785
837 910
837 973
837 981
838 12
838 91
838 104
838 174
838 204
838 287
838 472
838 552
838 586
838 815
838 844
839 60
839 250
839 314
839 457
839 488
839 489
839 655
839 680
839 860
839 988
840 79
840 211
840 290
840 410
840 524
840 548
840 868
840 879
840 901
841 5
841 22
841 30
841 61
841 206
841 242
841 326
841 454
841 697
841 847
842 196
842 248
842 315
842 359
842 397
842 404
842 525
842 709
842 943
842 994
843 69
843 567
843 604
843 739
843 868
843 957
844 27
844 69
844 102
844 294
844 320
844 325
844 503
844 582
844 592
844 653
845 33
845 39
845 59
845 81
845 179
845 185
845 216
845 231
845 241
845 328
845 404
845 482
845 647
845 771
845 980
846 196
846 230
846 282
846 378
846 463
846 485
846 701
846 703
846 708
846 785
846 818
846 925
846 968
847 29
847 96
847 308
847 413
847 640
847 830
847 970
848 360
848 420
848 596
848 646
848 695
848 808
848 876
848 902
848 910
849 35
849 248
849 261
849 310
849 320
849 393
849 435
849 569
849 650
849 961
850 173
850 392
850 473
850 642
850 789
850 869
851 20
851 314
851 506
851 779
852 300
852 391
852 592
852 672
852 761
852 860
853 11
853 134
853 284
853 356
853 683
853 845
853 889
853 900
854 27
854 609
854 803
854 820
855 63
855 145
855 158
855 284
855 325
855 654
855 723
855 774
855 829
855 831
855 874
855 987
856 63
856 122
856 186
856 236
856 253
856 270
856 274
856 522
856 547
856 679
856 922
856 974
857 369
857 420
857 468
857 668
857 734
857 852
858 114
858 130
858 201
858 222
858 238
858 239
858 245
858 264
858 314
858 392
858 458
858 460
858 542
858 589
858 798
858 853
858 950
859 390
859 403
859 538
859 549
859 601
859 669
859 842
859 901
859 908
859 955
860 219
860 448
860 577
860 606
860 848
860 893
861 44
861 47
861 141
861 220
861 294
861 335
861 388
861 502
861 534
861 622
861 642
861 787
861 875
862 22
862 37
862 71
862 707
862 749
862 886
862 931
862 969
863 5
863 187
863 260
863 277
863 601
863 602
863 628
863 786
863 793
863 873
864 15
864 194
864 493
864 512
864 565
864 605
864 696
864 909
865 45
865 442
865 465
865 536
865 705
866 255
866 384
866 416
866 426
866 503
866 531
866 572
866 578
866 601
866 829
866 894
866 932
867 40
867 78
867 115
867 307
867 563
867 645
868 69
868 168
868 199
868 286
868 326
868 399
868 434
868 483
868 488
868 719
869 111
869 182
869 415
869 480
869 575
869 922
869 934
869 936
869 943
870 132
870 151
870 175
870 229
870 238
870 365
870 417
870 420
870 464
870 487
870 518
870 554
870 560
870 578
870 826
870 972
871 57
871 209
871 265
871 376
871 402
871 444
871 527
871 587
871 698
871 822
871 920
872 52
872 518
872 732
872 770
872 811
872 845
872 859
872 861
872 967
873 28
873 135
873 197
873 328
873 364
873 402
873 558
873 623
873 809
873 899
874 123
874 200
874 554
874 598
874 754
874 760
874 825
874 833
874 960
875 36
875 44
875 62
875 254
875 383
875 386
875 434
875 512
875 613
875 819
875 845
875 967
876 262
876 332
876 431
876 596
876 724
876 875
876 904
877 45
877 105
877 139
877 299
877 359
877 454
877 508
877 562
877 564
877 645
877 762
877 845
877 956
877 967
878 73
878 132
878 382
878 479
878 498
878 584
878 637
878 656
878 696
878 839
878 969
879 46
879 452
879 680
879 901
879 903
879 941
879 995
880 30
880 126
880 159
880 218
880 372
880 391
880 517
880 587
880 651
880 669
880 813
881 8
881 131
881 509
881 579
881 640
881 647
881 675
881 706
881 815
881 889
881 996
882 81
882 108
882 139
882 484
882 745
882 803
883 133
883 211
883 268
883 374
883 426
883 530
883 545
883 706
883 790
883 795
883 951
884 5
884 277
884 647
884 819
884 872
884 970
885 7
885 244
885 258
885 346
885 633
885 677
885 719
885 761
885 866
885 867
885 968
886 170
886 174
886 230
886 239
886 313
886 394
886 398
886 410
886 413
886 498
886 572
886 628
886 790
886 899
886 917
886 960
886 969
887 9
887 111
887 155
887 211
887 243
887 286
887 316
887 560
887 561
887 570
887 638
887 650
888 90
888 283
888 323
888 356
888 579
888 689
888 699
888 725
888 786
888 940
889 2
889 172
889 224
889 309
889 318
889 506
889 697
889 980
889 988
890 35
890 47
890 311
890 435
890 485
890 524
890 844
890 902
890 998
891 116
891 155
891 315
891 654
891 660
891 798
891 922
892 195
892 356
892 640
892 760
892 770
892 995
893 22
893 123
893 137
893 281
893 314
893 394
893 483
893 574
893 784
893 857
893 900
893 914
893 967
894 50
894 166
894 247
894 463
895 31
895 80
895 211
895 215
895 229
895 258
895 336
895 358
895 384
895 399
895 640
895 644
895 654
895 856
895 884
896 87
896 114
896 163
896 420
896 426
896 615
896 736
896 743
896 751
896 799
896 828
896 951
897 47
897 199
897 211
897 421
897 440
897 601
897 642
897 890
898 88
898 319
898 506
898 659
898 716
898 762
898 908
898 974
899 166
899 217
899 244
899 365
899 406
899 421
899 437
899 441
899 479
899 499
899 576
899 618
899 738
900 63
900 322
900 379
900 427
900 592
900 597
900 644
901 77
901 78
901 514
901 542
901 671
901 722
901 731
901 793
901 934
901 954
902 17
902 218
902 335
902 614
902 618
902 698
902 718
902 867
902 898
902 967
903 332
903 381
903 448
903 489
903 631
903 659
903 687
903 859
903 861
903 962
904 65
904 105
904 169
904 242
904 289
904 462
904 490
904 493
904 537
904 561
904 727
904 761
904 771
904 933
905 30
905 66
905 89
905 591
905 593
905 616
905 941
906 108
906 139
906 174
906 183
906 410
906 415
906 760
906 863
907 119
907 129
907 150
907 313
907 443
907 603
907 849
908 163
908 369
908 387
908 399
908 543
908 555
908 703
908 977
909 156
909 190
909 531
909 717
909 733
909 831
909 900
909 939
910 269
910 339
910 363
910 671
910 812
910 893
910 935
910 937
911 42
911 111
911 402
911 436
911 531
911 707
911 876
912 63
912 204
912 219
912 310
912 394
912 488
912 584
912 692
912 699
912 749
912 936
913 54
913 59
913 85
913 131
913 194
913 347
913 437
913 484
913 679
913 767
913 852
913 853
914 102
914 163
914 204
914 227
914 289
914 313
914 334
914 383
914 481
914 602
914 669
914 734
914 867
914 889
914 919
914 954
914 967
915 19
915 123
915 167
915 279
915 343
915 345
915 556
915 624
915 802
915 959
915 970
916 144
916 359
916 441
916 573
916 732
916 798
916 951
917 96
917 203
917 376
917 503
917 598
917 685
917 829
917 919
917 999
918 75
918 228
918 277
918 366
918 390
918 432
918 471
918 586
919 19
919 21
919 62
919 80
919 140
919 171
919 184
919 236
919 289
919 330
919 485
919 651
919 660
919 676
919 810
919 980
920 32
920 212
920 363
920 440
920 669
920 748
920 842
920 848
920 948
921 384
921 419
921 449
921 524
921 540
921 772
921 829
921 856
921 887
922 373
922 409
922 427
922 701
922 728
922 731
922 738
922 822
923 163
923 252
923 331
923 370
923 705
923 757
923 826
923 973
924 7
924 227
924 317
924 336
924 346
924 409
924 780
924 783
925 8
925 9
925 239
925 330
925 360
925 593
925 704
925 930
926 89
926 93
926 127
926 245
926 291
926 465
926 558
926 574
926 605
926 676
926 692
926 695
926 701
926 849
926 971
926 981
927 126
927 497
927 522
927 630
927 668
927 677
927 701
927 788
927 935
927 989
927 999
928 1
928 254
928 361
928 689
928 782
928 880
928 888
928 914
928 973
929 201
929 247
929 403
929 414
929 422
929 452
929 608
929 636
929 786
929 997
930 28
930 38
930 154
930 238
930 250
930 278
930 320
930 443
930 462
930 604
930 645
930 926
931 115
931 211
931 367
931 429
931 581
931 726
932 35
932 73
932 531
932 895
933 83
933 99
933 165
933 234
933 320
933 346
933 382
933 455
933 481
933 582
933 766
933 962
934 42
934 88
934 96
934 147
934 161
934 170
934 237
934 437
934 484
934 744
934 921
934 964
935 51
935 63
935 68
935 133
935 311
935 367
935 443
935 551
935 786
935 855
935 924
936 207
936 250
936 270
936 355
936 364
936 389
936 468
936 539
936 795
936 844
937 105
937 175
937 244
937 271
937 310
937 401
937 540
937 772
937 798
937 985
937 998
938 205
938 280
938 370
938 761
938 829
938 916
938 946
939 73
939 155
939 181
939 195
939 336
939 540
939 577
939 601
939 603
939 904
939 940
939 952
939 969
940 19
940 27
940 61
940 116
940 281
940 427
940 842
940 875
940 909
940 936
941 45
941 119
941 201
941 408
941 535
941 552
941 779
941 813
941 972
942 24
942 32
942 41
942 56
942 149
942 184
942 187
942 233
942 270
942 443
942 534
942 556
942 612
942 727
942 866
942 867
942 925
943 169
943 289
943 298
943 308
943 439
943 445
943 603
943 699
943 732
943 956
943 984
944 226
944 427
944 438
944 518
944 693
945 70
945 112
945 318
945 370
945 408
945 822
945 827
945 912
945 951
946 7
946 41
946 43
946 278
946 299
946 402
946 657
946 747
946 979
947 20
947 146
947 360
947 469
947 743
947 854
947 975
948 82
948 92
948 126
948 345
948 393
948 414
948 503
948 735
948 874
948 990
949 53
949 111
949 263
949 380
949 627
949 761
949 939
949 945
949 990
950 287
950 360
950 379
950 436
950 448
950 460
950 503
950 508
950 593
950 633
950 670
950 803
950 955
951 48
951 152
951 235
951 463
951 617
951 801
951 932
952 151
952 200
952 226
952 415
952 478
952 792
953 42
953 138
953 204
953 251
953 280
953 383
953 420
953 492
953 564
953 566
953 582
953 785
953 787
953 827
953 855
954 152
954 245
954 524
954 681
954 720
954 794
955 23
955 469
955 570
955 881
955 890
956 521
956 554
956 666
956 744
956 777
956 798
956 812
956 860
956 1000
957 8
957 63
957 202
957 205
957 217
957 588
957 698
957 779
957 867
957 887
957 945
957 979
958 94
958 178
958 291
958 333
958 535
958 612
958 625
958 683
958 769
958 788
958 794
959 268
959 278
959 298
959 317
959 430
959 666
959 725
959 823
959 840
960 156
960 237
960 281
960 293
960 328
960 549
960 674
960 719
960 816
960 842
960 861
960 884
961 20
961 157
961 315
961 506
961 660
961 845
962 153
962 289
962 336
962 405
962 413
962 801
962 887
963 160
963 294
963 745
963 797
963 821
963 840
963 912
964 28
964 134
964 201
964 309
964 343
964 400
964 454
964 564
964 611
964 662
964 719
964 803
964 901
964 958
965 86
965 416
965 584
965 635
965 733
965 853
965 933
966 44
966 97
966 192
966 256
966 279
966 375
966 441
966 539
966 822
966 824
967 325
967 545
967 547
967 649
967 676
967 758
967 766
967 808
968 276
968 609
968 623
968 630
968 669
968 758
968 784
968 835
968 862
968 881
968 976
969 41
969 50
969 295
969 594
969 603
969 607
969 714
969 858
969 863
969 871
969 895
969 965
970 147
970 190
970 237
970 304
970 606
970 626
970 681
970 718
970 868
970 907
970 940
971 53
971 123
971 155
971 176
971 181
971 220
971 255
971 517
971 558
971 627
971 694
971 870
971 923
971 961
972 55
972 110
972 118
972 386
972 421
972 506
973 18
973 90
973 196
973 203
973 249
973 390
973 536
973 715
973 793
973 823
974 241
974 261
974 306
974 368
974 433
974 435
974 519
974 645
974 891
975 99
975 133
975 425
975 430
975 655
975 721
975 864
975 908
975 914
975 967
976 69
976 284
976 381
976 459
976 468
976 503
976 875
976 916
977 65
977 120
977 362
977 684
977 740
977 832
977 858
978 32
978 43
978 207
978 279
978 517
978 531
978 583
978 734
978 917
978 929
979 120
979 228
979 400
979 527
979 621
979 772
979 777
979 826
979 966
979 980
980 68
980 93
980 209
980 402
980 419
980 509
980 656
980 704
980 903
981 8
981 61
981 82
981 225
981 231
981 286
981 392
981 435
981 658
982 110
982 162
982 385
982 407
982 611
982 650
982 652
982 773
982 775
982 776
982 794
982 930
983 101
983 142
983 424
983 433
983 463
983 612
983 780
983 843
984 239
984 256
984 330
984 456
984 469
984 480
984 725
984 738
984 810
984 847
984 881
985 19
985 190
985 277
985 301
985 367
985 388
985 440
985 623
985 915
986 18
986 161
986 170
986 259
986 302
986 309
986 493
986 641
986 670
986 719
986 792
986 879
986 950
987 416
987 479
987 499
987 617
987 705
987 772
987 795
987 891
988 82
988 140
988 277
988 345
988 494
988 645
988 717
988 870
989 122
989 261
989 770
990 17
990 51
990 120
990 249
990 308
990 330
990 342
990 422
990 434
990 461
990 484
990 493
990 575
990 765
990 799
990 812
990 898
990 930
990 932
991 141
991 183
991 264
991 379
991 573
991 619
991 744
991 910
991 943
992 14
992 72
992 103
992 123
992 351
992 516
992 753
992 849
992 956
992 962
993 10
993 195
993 275
993 287
993 339
993 367
993 369
993 387
993 389
993 521
993 785
993 971
994 54
994 73
994 417
994 424
994 662
994 696
994 778
994 787
995 69
995 170
995 283
995 426
995 515
995 541
995 599
995 754
995 759
996 147
996 251
996 369
996 409
996 503
996 510
996 577
996 647
996 657
996 671
996 685
996 862
996 921
997 77
997 151
997 317
997 393
997 603
997 623
997 823
997 833
997 921
998 222
998 287
998 316
998 345
998 348
998 599
998 622
998 661
998 727
998 780
998 914
999 88
999 344
999 386
999 468
999 482
999 561
999 607
999 612
999 817
999 855
999 876
999 909
1000 64
1000 203
1000 349
1000 465
1000 575
1000 637
1000 694
1000 828
1000 839
1000 904
1000 909