46
42
21
51
26
25
25
27
24
24
33
13
33
28
14
10
54
32
38
14
44
12
21
29
26
56
27
26
25
48
25
27
14
35
30
12
65
25
37
27
53
33
61
13
17
38
40
56
42
28
22
43
16
19
24
23
18
47
31
24
18
15
64
34
73
39
10
23
39
5
18
17
36
45
25
24
21
51
30
48
44
39
28
18
65
39
32
34
47
19
20
35
39
25
46
32
22
18
5
41
51
28
26
13
41
33
30
66
39
23
33
19
43
27
34
22
29
31
17
32
43
49
60
60
34
27
44
11
26
40
24
45
44
43
58
42
17
27
62
40
45
14
24
34
31
40
38
28
16
30
18
43
29
14
19
37
15
25
24
32
11
16
42
19
36
34
30
34
5
20
35
45
31
24
41
37
42
31
24
39
33
18
23
18
18
30
32
29
28
52
12
31
24
11
38
35
27
13
37
41
28
17
24
24
31
33
30
8
20
29
21
42
17
25
14
36
33
24
24
20
22
44
36
40
16
17
36
33
21
36
24
53
36
26
12
36
38
28
32
16
37
17
41
28
31
24
38
26
14
23
17
22
39
35
48
17
26
15
13
17
17
26
26
25
23
52
26
29
24
38
14
22
20
20
2
31
17
15
38
15
18
27
22
32
18
20
37
20
32
15
9
17
20
22
7
25
17
22
34
22
24
62
30
27
37
23
23
25
43
27
27
52
29
46
28
24
11
37
20
60
32
33
35
19
25
32
29
16
30
31
35
24
11
14
68
14
30
27
6
22
28
22
13
9
10
39
15
34
21
23
18
11
0
15
29
41
9
34
11
25
31
22
25
23
19
34
10
37
17
8
31
27
41
25
31
20
10
31
18
41
27
23
24
18
38
43
25
33
39
45
42
32
36
33
32
33
30
27
37
27
21
46
13
41
34
16
44
39
43
34
10
28
32
26
40
35
27
41
22
39
14
25
40
41
31
45
51
26
28
9
30
16
34
37
37
36
19
43
48
38
32
31
50
43
37
40
34
29
33
6
14
33
15
36
29
34
36
35
55
12
22
13
21
20
20
17
43
19
15
29
28
19
46
32
18
19
20
35
3
45
40
38
27
34
26
33
38
49
34
20
20
32
44
12
17
24
29
18
44
46
13
44
19
27
44
8
28
16
49
41
40
38
44
27
27
22
16
30
18
31
36
16
26
24
38
34
8
28
30
33
16
19
11
13
33
32
48
44
35
49
11
46
32
31
15
33
42
15
30
28
21
21
35
27
27
33
17
35
43
23
44
44
33
10
25
37
42
40
34
24
49
36
12
29
19
45
31
20
10
25
25
15
19
30
4
25
29
52
13
35
32
40
30
23
22
20
23
43
21
30
21
54
14
23
35
21
24
24
27
34
31
29
65
45
40
39
22
45
39
32
23
29
21
17
24
20
45
8
29
34
33
10
33
45
39
7
18
30
24
32
25
26
32
28
24
33
49
35
40
17
45
11
18
0
54
17
24
53
3
46
28
23
23
43
48
36
36
20
24
2
20
41
31
17
23
28
44
15
44
35
13
32
22
44
20
19
40
31
23
21
15
44
31
26
31
42
38
45
16
36
25
11
45
26
22
18
14
29
19
23
31
30
25
45
39
30
64
22
32
50
24
33
48
16
15
16
42
36
14
31
38
46
27
40
9
33
11
29
18
30
34
31
14
14
36
25
25
36
31
45
25
2
23
13
21
31
39
15
21
22
24
22
34
43
25
34
22
6
29
39
15
22
15
39
26
31
37
31
41
28
34
40
0
25
28
14
32
39
28
41
3
7
31
17
17
16
14
51
17
16
38
23
21
32
20
20
39
25
25
35
31
36
15
35
34
25
7
9
26
26
32
33
27
37
37
31
33
20
42
15
32
19
31
7
25
31
23
19
24
14
35
22
5
29
22
19
48
14
32
29
8
24
31
20
26
33
30
11
22
22
25
16
40
46
21
33
37
16
16
11
11
19
32
27
38
41
29
46
41
28
30
27
17
58
38
64
14
37
19
36
22
32
19
19
24
45
22
24
15
24
36
19
41
36
14
38
31
41
51
64
36
19
10
31
44
19
30
33
26
29
23
33
47
0
38
35
15
36
39
32
26
32
30
28
32
22
45
19
45
44
17
34
15
40
23
15
15
12
32
20
41
46
14
34
22
26
29
50
15
31
27
51
28
39
40
41
18
31
17
32
53
26
16
35
48
21
25
23
16
11
24
34
23
44
37
22
19
45
30
41
18
46
54
36
35
38
25
33
31
23
