0.615061
0.334865
0.0735001
0.315525
0.0257814
0.308617
0.921171
0.118472
0.16372
0.644281
0.42728
0.291308
0.00532861
0.557871
0.142737
0.973173
0.114062
0.0450605
0.332357
0.918492
0.0895428
0.946554
0.73469
0.93841
0.851296
0.735341
0.875972
0.461747
0.574452
0.818889
0.0607455
0.949244
0.940253
0.831916
0.0174034
0.499038
0.339764
0.42161
0.00629486
0.797674
0.500049
0.328386
0.182955
0.92313
0.0525385
0.0146275
0.844556
0.460926
0.775389
0.967724
0.536917
0.969143
0.38561
0.942542
0.302325
0.173492
0.881814
0.642132
0.318369
0.821262
0.950051
0.511709
0.301126
0.0272515
0.0160027
0.957609
0.539928
0.569845
0.379524
0.659926
0.369064
0.863464
0.23261
0.468341
0.405186
0.955115
0.615782
0.445537
0.146091
0.347591
0.954272
0.454366
0.526319
0.85145
0.325032
0.809304
0.973624
0.692555
0.768378
0.122787
0.683437
0.523012
0.257533
0.35382
0.651965
0.581367
0.0378816
0.675664
0.878478
0.586123
