1 44
1 1790
1 2280
1 2785
1 3312
1 3819
1 3868
1 5816
1 5969
1 5980
1 6479
1 6850
1 7352
1 7886
1 8905
2 444
2 547
2 1149
2 1241
2 1986
2 2859
2 3309
2 6313
2 7347
2 7692
2 8299
2 9073
3 513
3 1397
3 1924
3 1951
3 3440
3 3878
3 4129
3 4525
3 5989
4 409
4 1673
4 1926
4 2207
4 2220
4 2383
4 6281
4 6686
4 6745
4 6857
4 7500
4 7861
4 8087
4 8768
5 620
5 1789
5 2619
5 4925
5 5059
5 6275
5 6968
5 7136
5 7745
5 7994
5 9805
6 3477
6 4773
6 4996
6 5145
6 8447
6 8480
6 8862
6 9619
7 1259
7 1753
7 3215
7 3252
7 3587
7 4103
7 5642
7 7090
8 82
8 378
8 636
8 2737
8 3187
8 3536
8 4448
8 4518
8 4582
8 4925
8 5191
8 6526
8 9764
9 118
9 153
9 668
9 2738
9 4918
9 6132
9 6323
9 6373
9 6828
9 8492
10 225
10 819
10 1923
10 4691
10 7454
10 7630
10 7829
10 8388
10 9850
11 1296
11 2274
11 2684
11 3598
11 5313
11 5538
11 6361
11 6375
11 7764
11 9454
12 921
12 2661
12 7180
12 8395
12 8594
13 1431
13 4691
13 5203
13 5384
13 5474
13 5492
13 5821
13 7709
13 8388
13 9789
14 1109
14 2254
14 3211
14 3227
14 4257
14 4308
14 5298
14 6310
14 6915
14 7381
14 7667
14 9446
15 4061
15 4393
15 5296
15 6229
15 7703
16 339
16 1252
16 4462
16 4528
17 572
17 661
17 1314
17 2427
17 3283
17 3600
17 3617
17 3776
17 4068
17 4445
17 4550
17 4613
17 7531
17 9349
17 9700
17 9912
18 1456
18 1515
18 2094
18 2684
18 3181
18 3291
18 5862
18 6691
18 6833
18 9113
18 9424
19 1097
19 1271
19 1719
19 2085
19 3248
19 3369
19 5177
19 6193
19 6387
19 6776
20 121
20 3895
20 4682
20 7965
20 8740
21 672
21 795
21 1701
21 2262
21 3258
21 4014
21 4205
21 4966
21 5275
21 5671
21 6423
21 7655
21 8922
21 9434
22 1276
22 2438
22 3753
22 4623
22 5530
22 6030
22 9845
23 901
23 3072
23 3671
23 3795
23 5034
23 6025
23 6789
23 9431
23 9665
24 1524
24 2781
24 4651
24 4994
24 6074
24 7136
24 8348
24 8426
24 8564
24 8973
25 788
25 1094
25 5003
25 5320
25 5709
25 6045
25 7284
25 9336
26 801
26 905
26 947
26 1135
26 2626
26 3240
26 3727
26 4046
26 4505
26 4746
26 5672
26 5766
26 6281
26 8859
26 8920
26 9445
26 9707
26 9770
27 837
27 2068
27 4660
27 4902
27 5421
27 5968
27 8110
27 8399
28 1767
28 2735
28 2972
28 3010
28 5839
28 7440
28 8803
28 9571
28 9711
29 444
29 1478
29 1536
29 1786
29 4660
29 6499
29 7220
29 7427
29 7504
30 191
30 301
30 617
30 626
30 796
30 1066
30 1093
30 2867
30 2913
30 4896
30 4952
30 7514
30 7577
31 1001
31 1200
31 1292
31 2130
31 2345
31 3639
31 5383
31 8063
31 9240
32 749
32 1284
32 1607
32 1902
32 2415
32 3034
32 3476
32 7039
33 447
33 5191
33 6122
33 6254
33 9486
33 9628
34 744
34 1382
34 1661
34 2399
34 3105
34 3363
34 6913
34 7701
34 8284
34 9049
35 1744
35 2235
35 2956
35 3191
35 3950
35 4270
35 5899
35 6667
35 7237
35 8782
35 8822
35 9442
36 838
36 1820
36 2424
36 6931
36 9296
37 1147
37 1177
37 1451
37 1984
37 2659
37 3389
37 4107
37 4593
37 5114
37 5509
37 5561
37 5872
37 6006
37 7046
37 7147
37 7747
37 8676
37 9991
38 77
38 91
38 654
38 956
38 3133
38 6639
38 6974
38 7660
38 8905
39 128
39 192
39 1007
39 2359
39 2441
39 2560
39 2691
39 3137
39 3435
39 3558
39 4594
39 6982
39 7597
40 47
40 813
40 992
40 1514
40 3853
40 4399
40 6239
40 7882
41 448
41 523
41 821
41 1002
41 1023
41 1629
41 1631
41 1855
41 4908
41 5875
41 6696
41 8875
41 9387
41 9691
42 256
42 2661
42 3713
42 4845
42 5500
42 5696
42 6974
42 7470
42 7560
42 9255
42 9395
43 271
43 341
43 980
43 2028
43 4046
43 4190
43 4465
43 4526
43 4668
43 5445
43 5517
43 6225
43 6455
43 7238
43 7672
43 7785
43 8813
43 8821
43 9135
44 3732
44 4341
44 6571
44 7886
44 8160
44 8291
44 9742
45 4357
45 4879
45 4883
45 7299
45 7480
45 7968
45 9322
46 500
46 1344
46 1976
46 2073
46 2505
46 3989
46 4543
46 4850
46 6459
46 6946
46 8833
46 9597
46 9871
47 207
47 840
47 2383
47 2912
47 6546
47 7196
47 7428
47 7752
47 7882
47 8450
47 8738
47 9287
47 9347
47 9628
48 512
48 1455
48 1472
48 1891
48 3119
48 3474
48 3476
48 3671
48 4925
48 4941
48 5705
48 5972
48 7101
48 7752
48 8287
48 9021
48 9609
49 702
49 811
49 2598
49 2604
49 3249
49 5367
49 5891
49 5987
49 6347
49 7117
49 9337
49 9338
49 9903
50 778
50 3500
50 3802
50 4303
50 4522
50 5279
50 6466
50 7126
50 7209
50 8902
51 37
51 934
51 2076
51 3137
51 3239
51 6434
51 6779
51 7062
51 8523
51 9276
51 9289
52 253
52 880
52 1491
52 1496
52 2378
52 3283
52 3618
52 5208
52 6773
52 7193
52 7571
52 8650
52 9633
53 1428
53 6934
53 8049
53 8197
53 8270
53 8327
53 9658
54 1197
54 3085
54 3266
54 3833
54 3974
54 4321
54 7218
54 9062
55 1495
55 1735
55 4649
55 4931
55 5053
55 5653
55 6530
55 6589
55 8527
55 9744
56 3528
56 4812
56 5262
56 5270
56 5407
56 6562
56 8965
56 9146
57 1159
57 2628
57 4198
57 5023
57 6417
57 7057
57 7739
57 9750
58 306
58 392
58 1007
58 1647
58 2069
58 2114
58 3386
58 4085
58 4150
58 5394
58 5561
58 6983
58 8876
58 9495
59 1449
59 1494
59 2010
59 3078
59 3691
59 4246
59 6954
59 7633
59 9360
59 9842
60 744
60 838
60 2167
60 6212
60 6920
60 9255
60 9737
60 9966
61 78
61 794
61 3874
61 4219
61 4336
61 4925
61 6207
61 6324
61 7223
61 8833
61 9685
62 926
62 2505
62 2744
62 3693
62 6344
62 7338
63 380
63 805
63 1346
63 1848
63 2537
63 2923
63 6244
63 6294
63 6704
63 6751
63 6760
63 7571
63 7595
63 7695
63 8382
63 8503
63 8510
63 8941
63 9211
63 9890
64 982
64 1236
64 1292
64 1799
64 4028
64 4581
64 4686
64 5474
64 5865
64 6024
64 8654
65 162
65 615
65 860
65 1279
65 1856
65 2250
65 3073
65 3399
65 3558
65 3923
65 4291
65 4474
65 4594
65 4685
65 4812
65 5270
65 7112
65 7143
65 9334
66 300
66 1451
66 3791
66 4365
66 4642
66 6054
66 7096
66 7683
66 8386
66 8503
66 8903
66 9724
67 1131
67 4231
67 5072
67 5902
67 8705
68 3088
68 3594
68 4673
68 5665
68 7995
68 9734
68 9972
69 230
69 532
69 1915
69 4211
69 4845
69 5197
69 5615
69 7469
69 8186
69 9360
69 9679
70 130
70 3923
70 4065
71 250
71 2045
71 2751
71 4563
71 5378
71 5998
72 1404
72 2204
72 2596
72 3260
72 5485
72 8207
73 1679
73 3109
73 3111
73 3162
73 3654
73 4288
73 5023
73 5460
73 5740
73 6292
73 7300
74 254
74 1539
74 1779
74 2015
74 3239
74 4261
74 5140
74 5602
74 5894
74 6716
74 7548
74 7614
74 7826
74 8612
74 8692
74 8950
75 1654
75 2463
75 2638
75 4181
75 6376
75 6433
75 7210
75 7640
75 8061
75 8507
76 594
76 1287
76 2444
76 3477
76 5039
76 5122
76 5606
76 7181
76 7620
76 9439
76 9927
77 8
77 1937
77 2007
77 3465
77 5779
78 643
78 1031
78 1054
78 1177
78 1650
78 3631
78 3930
78 4800
78 5161
78 5167
78 5213
78 6170
78 6791
78 7566
78 9274
78 9592
79 1393
79 1654
79 2750
79 2832
79 3189
79 4333
79 4544
79 4591
79 6289
79 8433
79 9110
79 9227
80 189
80 232
80 938
80 2168
80 3214
80 3402
80 3887
80 6207
80 6322
80 6819
80 7121
80 7143
80 8078
80 8408
80 8529
80 8740
81 25
81 513
81 1607
81 1912
81 2283
81 2387
81 2735
81 2763
81 2768
81 3472
81 3892
81 6615
81 7125
81 8519
81 9033
82 51
82 1420
82 1520
82 2186
82 6177
82 6269
82 8178
82 8302
82 8334
82 8590
82 9379
82 9624
83 259
83 2019
83 2049
83 3309
83 4988
83 5324
83 5336
83 6342
83 6352
83 7733
83 8384
83 9569
84 497
84 1747
84 2352
84 2590
84 2864
84 3958
84 5941
84 6146
84 9596
85 1354
85 1902
85 2627
85 2647
85 2770
85 3009
85 4388
85 5074
85 5167
85 5793
85 6256
85 6283
85 7295
85 7463
85 8338
85 8358
85 9050
86 207
86 997
86 2457
86 2666
86 3330
86 3940
86 4180
86 6042
86 7841
86 8607
86 8637
86 8676
86 8958
87 3962
87 4067
87 5988
87 7407
87 7776
87 7957
87 7958
87 8002
87 9278
88 629
88 824
88 1181
88 1768
88 3295
88 4103
88 4610
88 6164
88 9151
89 95
89 196
89 314
89 449
89 602
89 1417
89 2341
89 4873
89 5965
89 7327
89 7951
89 8091
89 9044
89 9630
90 1684
90 3061
90 3283
90 3428
90 4941
90 7800
90 8012
90 8947
91 433
91 764
91 1084
91 2786
91 3338
91 5461
91 8059
92 410
92 1542
92 1799
92 1841
92 2167
92 3235
92 3387
92 4772
92 5193
92 5975
92 6130
92 8281
92 8313
93 223
93 532
93 922
93 1288
93 1413
93 2071
93 2251
93 4509
93 6679
93 7301
93 8290
94 1821
94 3075
94 3525
94 4246
94 5803
94 8212
94 8264
94 8267
94 9239
95 675
95 721
95 2112
95 3450
95 3935
95 4693
95 4763
95 4768
95 5195
95 5481
95 6386
95 9681
96 586
96 753
96 1672
96 3075
96 3170
96 3811
96 8153
96 9241
97 903
97 2384
97 3179
97 5499
97 6333
97 7197
97 7655
98 639
98 1154
98 3116
98 4641
98 6506
98 9493
99 1956
99 3630
99 5359
99 9348
100 115
100 318
100 1278
100 3695
100 3748
100 3916
100 4904
100 5872
100 6046
100 6251
100 9079
100 9298
101 754
101 1139
101 1988
101 2277
101 2494
101 2904
101 3156
101 4747
101 5668
101 6077
101 6421
101 7874
101 8170
101 8655
101 9922
102 1099
102 2668
102 3711
102 4145
102 5945
102 6455
102 6897
102 7615
102 9538
102 9800
103 99
103 1327
103 1335
103 1811
103 7535
103 8193
103 8252
103 8573
103 9656
104 1018
104 5220
104 5332
104 5622
104 6658
104 7099
104 7287
104 9783
105 1968
105 2933
105 3401
105 3963
105 4290
105 4322
105 4672
105 5366
105 5572
105 6115
105 6347
105 7664
105 8163
105 8802
106 2415
106 3099
106 4368
106 4536
106 4572
106 5687
106 5778
106 7957
106 8852
106 8912
107 1601
107 2070
107 2495
107 2644
107 4569
107 5464
107 5969
107 6813
107 6944
107 8325
108 136
108 239
108 1330
108 1419
108 1522
108 1756
108 2104
108 2334
108 2819
108 3315
108 3846
108 4276
108 7099
108 7576
108 8268
108 9851
109 878
109 1063
109 1217
109 1416
109 3502
109 4941
109 5457
109 6703
109 8833
109 9020
109 9058
109 9061
110 2982
110 4096
110 5797
110 7057
110 7769
110 7975
110 8975
110 9826
111 1015
111 1468
111 3178
111 3439
111 4460
111 4591
111 5664
111 6762
111 6843
111 7621
111 8015
111 9044
112 702
112 1817
112 5452
112 5478
112 6947
112 8286
112 8400
113 228
113 1885
113 2871
113 4528
113 5260
113 5645
113 5704
113 6808
113 7380
113 7584
113 7718
113 8081
113 8942
113 9239
114 1157
114 1473
114 3387
114 4692
114 4750
114 5884
114 7969
114 8768
115 624
115 760
115 1320
115 1641
115 1864
115 4923
115 5498
115 5652
115 6576
115 7450
115 7985
115 9244
116 2694
116 2721
116 5054
116 6044
116 6117
116 6585
116 9769
117 467
117 771
117 1973
117 2195
117 3899
117 5577
117 5660
117 6935
117 7589
118 104
118 762
118 1607
118 2154
118 2783
118 3446
118 4489
118 6259
118 8628
118 8848
118 9938
119 643
119 888
119 6646
119 7364
119 7812
119 8441
119 9696
120 679
120 1510
120 1787
120 5127
120 5218
120 6284
120 7184
120 7889
120 8405
120 8426
120 8735
121 587
121 1460
121 2234
121 3409
121 3499
121 4526
121 5470
121 5481
121 6113
121 6690
121 6880
121 7524
121 7568
121 8617
121 9397
122 560
122 844
122 924
122 1524
122 3077
122 3142
122 4006
122 4339
122 5906
122 7881
122 9152
122 9310
122 9410
123 433
123 646
123 692
123 792
123 1272
123 1465
123 2576
123 3293
123 3358
123 4939
123 5373
123 5899
123 6005
123 6556
123 7322
123 7748
123 8452
124 302
124 2305
124 2706
124 2799
124 3507
124 3516
124 4263
124 4876
124 5094
124 5822
124 6048
124 6573
124 7201
124 7223
124 7458
124 7507
124 8669
124 9957
125 167
125 2656
125 2792
125 3027
125 3108
125 3180
125 3891
125 5889
125 7729
125 9682
125 9845
126 53
126 2891
126 4287
126 6461
126 7926
126 8125
126 8597
126 8972
126 9137
126 9542
127 236
127 945
127 968
127 2025
127 2408
127 2534
127 3331
127 3986
127 4426
127 5569
127 6210
127 7930
127 8945
128 212
128 5970
128 6418
128 6931
128 7328
128 8895
128 9295
129 251
129 2715
129 3097
129 4467
129 5508
129 5922
129 8378
129 9202
130 481
130 485
130 4124
130 5568
130 5601
130 5877
130 6802
130 7499
130 7572
130 8516
130 8927
130 9058
130 9621
130 9665
131 3080
131 5284
131 5414
131 6126
131 6421
131 6440
131 7194
131 7756
131 8311
131 8678
132 523
132 1094
132 1493
132 1832
132 2390
132 2521
132 3349
132 3972
132 4056
132 4643
132 4752
132 6493
132 7367
132 7871
132 8062
132 9720
133 13
133 3322
133 3998
133 5302
133 5644
133 5884
133 6299
133 6882
133 7004
133 7525
133 7778
133 8145
133 8298
133 8792
133 9529
134 216
134 831
134 1372
134 1441
134 2889
134 3038
134 3415
134 6438
134 7068
134 7163
134 8337
134 9006
134 9204
134 9890
135 1270
135 1916
135 2144
135 2473
135 3142
135 3476
135 3800
135 4398
135 4489
135 4540
135 5539
135 5848
135 6510
135 7122
135 7475
135 7651
135 8504
135 8834
135 9068
135 9477
135 9635
136 141
136 424
136 657
136 789
136 1085
136 3562
136 5696
136 5998
136 8332
136 8406
136 9224
136 9753
137 1274
137 2068
137 3091
137 6031
137 6322
137 8961
137 9059
138 1323
138 2054
138 2804
138 2850
138 2976
138 6948
138 7329
138 7392
138 9690
139 258
139 371
139 622
139 2161
139 2464
139 2628
139 2907
139 3199
139 3692
139 3988
139 4399
139 4613
139 7076
139 7459
139 7682
139 8652
140 446
140 598
140 730
140 768
140 2141
140 2528
140 4751
140 5148
140 5414
140 7567
140 8771
140 8887
141 358
141 760
141 853
141 954
141 1611
141 2231
141 2980
141 3231
141 3838
141 6283
141 6454
141 6870
141 8062
142 1521
142 4379
142 4664
142 7045
142 7281
142 8894
143 30
143 43
143 2627
143 3424
143 4659
143 5252
143 6267
143 9399
144 55
144 3483
144 3634
144 3901
144 4552
144 4884
144 6691
144 7484
144 9094
144 9165
144 9336
144 9673
145 1660
145 2332
145 2807
145 3505
145 3856
145 4253
145 6057
145 7352
145 8059
146 224
146 630
146 855
146 2112
146 2856
146 5688
146 7564
146 8339
146 8705
146 9354
146 9941
147 281
147 565
147 714
147 716
147 1266
147 2349
147 3572
147 4371
147 5149
147 6295
147 7165
147 9132
148 1292
148 3113
148 4126
148 5581
148 6811
148 7183
148 7891
148 9248
148 9813
149 1898
149 2098
149 4211
149 4526
149 5920
149 7248
149 7825
149 8827
149 9115
149 9511
150 229
150 1932
150 2726
150 2914
150 3886
150 4103
150 8894
150 9707
151 1369
151 1442
151 4392
151 4697
151 6936
151 7068
151 8726
151 9961
152 1239
152 1298
152 2923
152 3106
152 3506
152 3852
152 4955
152 5345
152 7267
152 7453
152 7875
152 9839
153 64
153 2137
153 4897
153 4919
153 5694
153 7526
153 8387
153 8882
153 9249
153 9999
154 1356
154 1860
154 2772
154 5828
154 7415
154 7806
155 185
155 3618
155 4053
155 4306
155 4486
155 4837
155 7161
155 7770
155 8129
155 8229
155 8872
156 1069
156 1224
156 1464
156 1765
156 2194
156 5370
156 5534
156 5630
156 7331
156 7453
156 9335
156 9376
156 9831
157 366
157 2095
157 3033
157 3340
157 6943
157 8760
158 146
158 2487
158 3717
158 4403
158 4979
158 5821
158 6248
158 6460
158 9750
159 1366
159 2557
159 2657
159 2791
159 3323
159 3789
159 4903
159 9952
160 372
160 490
160 4792
160 5340
160 6142
160 6175
160 6192
160 6686
160 7408
161 42
161 278
161 1529
161 8625
162 561
162 2099
162 3568
162 4053
162 4141
162 4324
162 7052
162 8243
163 472
163 2185
163 2320
163 2482
163 3032
163 3144
163 3442
163 3984
163 4688
163 4931
163 5774
163 6027
163 6950
163 8766
163 9221
164 328
164 3445
164 3658
164 3678
164 5934
164 7353
164 7933
165 42
165 186
165 580
165 673
165 1128
165 2828
165 5042
165 6175
165 6312
165 7664
165 8241
165 9113
166 923
166 987
166 3684
166 4759
166 6626
166 8210
166 8555
166 8949
166 9148
166 9690
166 9835
167 657
167 2481
167 2835
167 2951
167 3212
167 4585
167 6036
167 6513
167 6628
167 7610
167 8211
167 8917
168 538
168 950
168 4006
168 4803
168 5002
168 5656
168 7155
168 8929
168 9799
169 1817
169 7612
169 9570
170 1980
170 2215
170 2938
170 3129
170 3316
170 7464
170 8644
170 8823
170 9208
171 1437
171 1548
171 2585
171 3786
171 4116
171 4525
171 4805
171 6342
171 6809
171 7452
171 7645
171 8701
171 8704
172 1156
172 2324
172 2708
172 3104
172 3404
172 3642
172 3925
172 4949
172 4979
172 5141
172 6305
172 6382
172 6566
172 6899
172 6971
172 8229
172 8974
173 363
173 649
173 2206
173 3311
173 3943
173 4399
173 4735
173 4826
173 5536
173 6200
173 7931
173 8499
174 89
174 1402
174 1566
174 2290
174 3780
174 4017
174 4146
174 7302
174 8444
175 128
175 1480
175 2802
175 3487
175 3512
175 3844
175 4385
175 4444
175 6003
175 6962
175 8807
175 8821
175 9412
176 346
176 717
176 3084
176 5180
176 5437
176 5477
176 6339
176 6529
176 7016
176 7292
176 8562
176 8646
176 8706
176 9329
177 190
177 629
177 1598
177 1972
177 2535
177 2655
177 3665
177 4862
177 5386
177 5500
177 8637
178 1430
178 1462
178 1566
178 1594
178 2232
178 2901
178 4329
178 5920
178 6126
178 9049
178 9215
179 1670
179 1797
179 2079
179 2785
179 4683
179 4920
179 7726
179 8710
180 639
180 1009
180 1401
180 1881
180 2288
180 4588
180 7185
180 7936
180 8070
180 9388
181 376
181 1488
181 1522
181 1803
181 2257
181 2733
181 2826
181 6116
181 6460
181 9343
181 9893
181 9993
182 486
182 2327
182 6196
182 6284
182 6910
182 8132
182 8532
183 390
183 1415
183 5155
183 5212
183 6713
183 8027
183 8141
183 9973
184 3353
184 3787
184 4987
184 5479
184 6749
184 6816
184 6826
184 9913
185 763
185 892
185 4429
185 5505
185 5932
185 6043
185 6346
185 9031
186 1492
186 3332
186 3797
186 6356
186 6990
186 7409
186 7489
186 7652
186 8026
186 8075
186 8406
186 9131
187 846
187 1876
187 2110
187 2306
187 2338
187 3082
187 3185
187 3304
187 4838
187 5144
188 3602
188 4275
188 5604
188 5873
188 6059
188 7525
188 7618
188 7738
188 7857
188 8426
188 8994
189 67
189 2547
189 4092
189 4173
189 4691
189 4889
189 4956
189 9202
190 372
190 987
190 1288
190 1988
190 2819
190 3799
190 3955
190 4676
190 6151
190 6289
190 6407
190 9372
191 49
191 742
191 1853
191 2046
191 8967
192 3751
192 3807
192 4112
192 4197
192 6729
192 7927
192 8211
192 8874
192 9282
192 9859
192 9990
193 780
193 2291
193 3187
193 3581
193 5232
193 5390
193 6715
193 8843
193 9610
194 294
194 1226
194 4819
194 4861
194 4924
195 2703
195 3267
195 4673
195 4997
195 5171
195 5407
195 5750
195 6572
195 7653
195 8882
196 1323
196 2675
196 3396
196 5097
196 5310
196 5548
196 6112
196 7070
196 7525
196 8259
196 8758
196 9601
197 652
197 1831
197 2111
197 6283
197 7058
197 7254
197 8498
198 1204
198 3812
198 4894
198 5422
198 6775
198 7118
198 8245
199 50
199 2312
199 2321
199 2334
199 4005
199 5931
199 6295
199 7778
199 8003
199 8798
199 8923
199 9017
200 921
200 1584
200 2399
200 2562
200 2819
200 3376
200 4736
200 4779
200 7910
200 8564
200 8921
201 438
201 1642
201 2907
201 2951
201 5719
201 6354
201 8594
201 8815
201 9405
201 9414
201 9845
202 520
202 1370
202 4630
202 5217
202 5436
202 8445
202 8503
203 2686
203 5052
203 5643
203 6435
203 7828
203 8360
203 8619
203 8809
203 9053
203 9904
204 1508
204 2202
204 4907
204 4986
204 6139
204 6373
204 6478
204 6546
204 6752
204 8432
205 1318
205 1946
205 2069
205 2412
205 2520
205 2999
205 3368
205 5326
205 8224
205 9364
205 9459
206 286
206 630
206 1576
206 1934
206 3446
206 6780
206 7657
206 7860
206 8095
206 8220
206 8997
206 9369
207 119
207 314
207 1667
207 2039
207 2637
207 2848
207 3226
207 4344
207 5222
207 5234
207 7326
207 8687
207 8760
207 9746
207 9759
208 4676
208 5033
208 5133
208 5859
208 6440
208 9584
209 589
209 690
209 1875
209 2217
209 3424
209 3461
209 6251
209 6835
210 97
210 279
210 1513
210 1683
210 1780
210 2927
210 3039
210 4250
210 5819
210 6591
210 7431
210 9646
211 1482
211 4192
211 4208
211 4782
211 7586
211 8863
212 220
212 651
212 758
212 1220
212 1510
212 3478
212 4165
212 4509
212 5397
212 5929
212 8335
212 8933
213 756
213 1120
213 2338
213 5549
213 6252
213 7183
213 8799
214 368
214 1541
214 2117
214 3550
214 4715
214 6087
214 6537
214 7336
214 7427
214 8806
214 9919
215 262
215 2780
215 4420
215 6484
215 7443
215 9215
216 459
216 1845
216 1858
216 3349
216 3904
216 4206
216 4293
216 5429
216 5957
216 6392
216 6518
216 8988
216 9290
217 1122
217 1211
217 3270
217 4013
217 4237
217 4271
217 4278
217 4788
217 6305
217 6616
217 7246
217 9977
218 607
218 1442
218 3782
218 4817
218 7545
218 8862
218 9543
219 743
219 2984
219 4339
219 5565
219 5960
219 6901
219 9494
220 1578
220 2275
220 3103
220 4068
220 9495
220 9961
221 1563
221 2232
221 2732
221 3439
221 5172
221 6234
221 7167
221 7780
221 7836
221 8944
221 8971
222 399
222 1624
222 1669
222 3952
222 4738
222 4754
222 5502
222 5508
222 5709
222 5790
222 6405
222 6502
222 7665
222 9040
222 9731
223 619
223 817
223 933
223 1002
223 1864
223 3566
223 3698
223 5399
223 6636
223 6911
224 48
224 1423
224 3196
224 3304
224 4529
224 6169
224 7162
224 7274
224 7362
224 7435
224 7483
224 7760
224 8914
224 9824
225 1359
225 3091
225 3234
225 3517
225 6672
225 8956
226 2125
226 2973
226 3946
226 4092
226 6366
226 6832
226 7314
226 8666
227 248
227 2609
227 3494
227 5005
227 5193
227 5872
227 6751
227 6785
227 8496
228 235
228 3359
228 3514
228 3575
228 5506
228 7488
228 8277
228 9459
228 9683
228 9892
229 719
229 1207
229 1468
229 4202
229 7725
229 9054
229 9758
230 443
230 1259
230 2889
230 3952
230 4368
230 6208
230 6287
230 6770
230 9376
230 9889
231 1848
231 2254
231 2598
231 2819
231 3969
231 4167
231 5402
231 7904
231 9122
232 575
232 897
232 1254
232 1634
232 2674
232 4411
232 6285
232 6532
232 6983
232 7591
232 7809
232 7884
232 8949
232 9891
233 104
233 1238
233 2775
233 3174
233 3740
233 3860
233 3940
233 5592
233 6864
233 8287
233 8446
233 8778
233 9470
234 751
234 843
234 3887
234 4460
234 5246
234 6036
234 7297
234 8204
235 82
235 3490
235 4439
235 5959
235 7750
235 9927
236 1126
236 1433
236 2859
236 3098
236 4713
236 7203
236 7278
236 8139
236 8258
236 9699
237 253
237 697
237 2053
237 2392
237 2692
237 5013
237 8106
237 8233
237 8799
237 8891
237 9286
237 9872
237 9879
238 959
238 1969
238 4172
238 4395
238 5718
238 7806
238 7952
238 9349
239 757
239 979
239 1533
239 2873
239 2985
239 4160
239 5308
239 6404
240 1999
240 3448
240 3948
240 4319
240 4504
240 4793
240 5899
241 81
241 374
241 1344
241 1390
241 1515
241 1535
241 2853
241 5239
241 5694
241 7583
241 8038
242 627
242 1030
242 2921
242 3045
242 3518
242 7766
242 9629
243 450
243 737
243 2561
243 3740
243 3987
243 4742
243 6128
243 6236
243 7087
243 7653
243 8100
243 8960
243 9336
243 9490
244 716
244 728
244 3361
244 3762
244 5176
244 5984
244 6071
244 6424
244 7849
245 966
245 3515
245 4288
245 4308
245 7265
245 7766
245 9378
245 9640
246 272
246 2060
246 3828
246 6110
246 6582
246 6932
246 8355
246 8876
246 9544
247 220
247 1570
247 1894
247 2246
247 2469
247 3374
247 3911
247 5911
247 6450
247 6881
247 7321
247 7922
247 7963
247 8370
248 746
248 1609
248 2350
248 4755
248 5264
248 5521
248 5572
248 7475
248 8539
248 9737
248 9825
249 1094
249 1322
249 3228
249 3728
249 8538
249 8934
249 9471
250 973
250 1179
250 7009
250 7382
250 7490
250 7819
250 7895
250 9854
251 2344
251 3340
251 4148
251 4484
251 6270
251 6650
251 8020
251 8243
251 9677
251 9853
251 9920
252 640
252 1358
252 2034
252 2728
252 5043
252 6621
252 7024
252 7379
252 7813
252 9906
253 380
253 928
253 1928
253 2649
253 3174
253 3314
253 4638
253 4868
253 5225
253 6468
253 6472
253 7135
253 7179
253 8133
254 590
254 644
254 1483
254 2148
254 3397
254 6923
254 7129
254 8398
254 9242
254 9524
254 9708
254 9848
255 1645
255 1971
255 2619
255 2737
255 2756
255 3506
255 4111
255 4616
255 5651
255 6434
255 6781
255 8108
255 8784
255 9188
255 9904
255 9912
256 2080
256 2534
256 5042
256 5723
256 6286
256 6335
256 8471
256 9525
257 1695
257 1783
257 2827
257 3364
257 4068
257 5068
257 7053
257 7248
258 325
258 2101
258 2734
258 3684
258 4142
258 7318
258 7490
258 7569
258 9814
259 1872
259 5908
259 7553
259 9853
260 2419
260 3767
260 4057
260 4708
260 5738
260 7959
260 8593
261 612
261 2884
261 4185
261 9086
261 9273
261 9712
262 132
262 2440
262 2517
262 3669
262 4092
262 5484
262 7368
262 7522
262 8895
262 9261
263 486
263 2247
263 2325
263 3238
263 3529
263 5221
263 6743
263 7878
263 8070
263 8311
264 387
264 482
264 487
264 1113
264 1341
264 3699
264 4257
264 6320
264 6668
265 366
265 1363
265 2636
265 4271
265 4371
265 5021
265 6777
265 7224
265 8279
265 9920
266 1521
266 1543
266 2066
266 2201
266 2205
266 2516
266 3244
266 3741
266 5974
266 6644
266 7999
266 8038
266 8092
266 9135
266 9527
266 9698
266 9899
267 627
267 1104
267 2557
267 3855
267 4412
267 8412
268 1740
268 3348
268 3392
268 4898
268 5076
268 5095
268 5158
268 5217
268 6638
268 9058
268 9234
269 586
269 1194
269 1425
269 4998
269 5329
269 5817
269 6492
269 8282
269 9424
269 9726
270 1825
270 2101
270 2249
270 3115
270 5440
270 5778
270 6528
270 6943
270 7871
270 8461
270 9469
270 9700
271 2440
271 4356
271 6011
271 6132
271 7668
271 7894
271 9496
271 9540
271 9932
272 3711
272 3727
272 4471
272 4720
272 6498
272 7318
272 7680
272 8446
272 9046
272 9225
272 9685
273 18
273 1190
273 3595
273 6040
273 7207
273 8598
273 8875
274 1509
274 3452
274 5093
274 6257
274 7018
274 7485
274 8766
275 1740
275 6235
275 7272
275 8691
276 377
276 1455
276 1649
276 3464
276 4741
276 6638
276 6763
276 6999
276 8044
276 8875
276 9056
277 1557
277 1753
277 2479
277 9097
277 9622
278 1953
278 4421
278 4689
278 5593
278 6542
278 7509
278 7716
278 8729
278 9339
279 123
279 945
279 980
279 1448
279 1511
279 1631
279 3837
279 4519
279 5346
279 5858
279 6400
279 9566
280 395
280 826
280 3935
280 5080
280 5381
281 2841
281 3548
281 4279
281 4757
281 6124
281 7632
281 7666
281 7906
281 7907
282 170
282 1790
282 2495
282 3834
282 7346
282 7500
282 8045
282 9047
282 9744
283 175
283 1734
283 1940
283 2900
283 4600
283 7795
283 8471
284 1137
284 1899
284 2841
284 3468
284 3860
284 3884
284 4906
284 6047
284 7839
284 8122
284 8243
284 8933
284 9472
285 232
285 501
285 1394
285 4632
285 4877
285 7999
285 8222
286 116
286 2960
286 4089
286 4839
286 5482
286 6802
286 7197
287 110
287 1434
287 1970
287 3287
287 3962
287 4148
287 5389
287 5882
287 6333
287 7116
287 8661
287 8968
288 203
288 1526
288 1786
288 4116
288 4171
288 4437
288 5867
289 217
289 953
289 3073
289 4041
289 5731
289 5865
289 7206
289 8007
289 8174
289 8175
289 9425
290 1621
290 3536
290 5851
290 8636
290 9339
290 9794
291 361
291 3518
291 4705
291 9359
292 3952
292 5221
292 5294
292 6459
292 6518
292 6955
292 8312
292 8551
292 8926
293 778
293 2857
293 4569
293 4973
293 6307
293 6901
293 9155
294 605
294 2580
294 2704
294 2866
294 3845
294 3924
294 7635
294 8664
294 9374
295 2491
295 3620
295 7138
295 9042
296 775
296 1691
296 3060
296 3068
296 4052
296 5962
296 7386
296 7465
296 7570
296 8198
297 995
297 3690
297 4112
297 5618
297 6026
297 6345
297 6546
297 7662
298 2075
298 2530
298 4706
298 6284
298 7186
298 7693
298 7921
299 684
299 1699
299 2803
299 2920
299 4933
299 5531
299 5774
299 6243
299 6849
299 7038
299 8360
299 9582
300 1377
300 1539
300 4200
300 5135
300 6702
300 6711
300 8731
300 8794
301 1364
301 4411
301 4570
301 5800
301 6913
301 7029
301 8712
301 8905
301 9595
302 170
302 1381
302 1820
302 3012
302 3483
302 4572
302 4991
302 5356
302 5688
302 5801
302 5911
302 7988
302 8032
302 8150
302 9050
302 9670
303 128
303 423
303 1057
303 1275
303 1491
303 2426
303 3691
303 4847
303 6446
303 9979
304 1498
304 2559
304 3522
304 4720
304 4901
304 5548
304 5737
304 7467
304 8393
304 8546
304 8602
304 9850
305 41
305 270
305 1127
305 1217
305 1360
305 3045
305 4238
305 4470
305 4865
305 5518
305 5586
305 6268
305 7335
305 8727
306 594
306 1330
306 1615
306 2785
306 5135
306 6194
306 7774
307 4819
307 5185
307 7538
307 8104
307 8337
307 8740
307 8855
307 9578
308 35
308 1148
308 3084
308 3585
308 3731
308 4052
308 6057
308 6225
308 6454
309 19
309 628
309 787
309 3584
309 6882
309 7074
309 7815
309 7993
309 8260
309 8401
309 8861
309 9344
309 9793
310 537
310 1564
310 2693
310 4277
310 4902
310 5344
310 6377
310 7044
311 1428
311 1891
311 2085
311 4725
311 5039
311 5253
311 5367
311 6794
311 8181
311 8347
312 222
312 924
312 1008
312 3306
312 3753
312 4784
312 5202
312 6021
312 6173
312 7104
312 7760
312 8106
312 8803
312 9802
313 3280
313 4012
313 4721
313 4938
313 6335
313 7057
313 7341
313 7817
313 7856
313 8235
313 8971
313 9049
314 1250
314 2116
314 3140
314 3281
314 3624
314 3922
314 5666
314 6366
314 6486
314 6538
314 7468
314 7707
314 7764
314 7937
314 8191
314 8851
315 3122
315 3217
315 5260
315 5507
315 5863
315 6670
315 7484
315 8454
315 8549
315 8650
316 1472
316 1569
316 1616
316 3414
316 4262
316 4296
316 4534
317 3930
317 4482
317 7100
317 7723
317 8197
317 8342
317 9975
318 29
318 506
318 3368
318 4758
318 5407
318 5790
318 6353
318 6526
318 7513
318 9213
318 9880
319 440
319 1984
319 5778
319 5798
319 6402
319 7844
319 9306
320 422
320 1884
320 1993
320 2194
320 3303
320 3684
320 4687
320 5603
320 6542
320 7428
320 7685
320 8470
320 8899
320 9305
320 9566
320 9891
320 9997
321 340
321 839
321 2632
321 2875
321 5580
321 6021
321 6101
321 6251
321 6681
321 6966
321 7601
321 9466
322 51
322 590
322 1624
322 3463
322 4306
322 5749
322 5971
322 7030
322 9480
322 9899
323 854
323 3140
323 3610
323 3759
323 4505
323 4516
323 4925
323 7705
323 7909
323 8287
323 8373
323 8414
323 9763
323 9874
324 794
324 1331
324 1465
324 2241
324 5239
324 5607
324 9394
325 1233
325 3504
325 4379
325 4753
325 5414
325 5592
325 5789
325 9518
326 112
326 422
326 567
326 1869
326 2513
326 4030
326 4175
326 6170
326 6326
326 8216
326 9676
327 353
327 645
327 5352
327 6746
327 6977
327 7459
327 8195
327 9172
327 9365
327 9802
328 1230
328 1761
328 2661
328 3480
328 6123
328 7986
328 8115
329 58
329 1707
329 2321
329 4393
329 5077
329 7350
329 9289
329 9861
330 201
330 740
330 1824
330 1832
330 2725
330 4356
330 5304
330 6221
330 6265
330 6665
330 8255
331 740
331 772
331 1076
331 1769
331 2025
331 2833
331 4563
331 6433
331 6983
331 8561
331 9822
332 24
332 1001
332 2307
332 4142
332 4455
332 6019
332 6102
332 6793
332 8893
333 2195
333 2297
333 3926
333 6223
333 6535
333 6934
333 8988
333 9691
334 899
334 2081
334 3741
334 6039
334 6310
334 6577
334 7779
334 9355
335 538
335 1118
335 1416
335 1904
335 2564
335 2701
335 2706
335 3304
335 3534
335 3666
335 5320
335 5506
335 6245
335 6320
335 6388
335 7598
335 7605
335 7823
335 8108
335 9919
336 95
336 1046
336 2029
336 2540
336 5432
336 6529
336 7909
337 2377
337 2617
337 4402
337 5239
337 5996
337 5997
337 6588
337 7287
337 7778
337 8852
338 31
338 723
338 898
338 3002
338 5680
338 7243
338 8116
338 8135
338 9919
339 200
339 2521
339 5558
340 488
340 3625
340 3983
340 4206
340 4561
340 5527
340 8243
340 8543
340 9800
341 1158
341 1609
341 2711
341 2834
341 4602
341 4877
341 5354
341 6131
341 6766
341 9363
342 905
342 3329
342 5961
342 6043
342 6829
342 8011
342 8012
342 9670
343 420
343 2412
343 2929
343 3040
343 4179
343 4825
344 410
344 2525
344 4217
344 8875
345 3590
345 5232
345 7505
345 7962
345 8427
345 8531
345 9533
346 385
346 3382
346 3467
346 4379
346 5177
346 6168
346 7967
346 8012
346 9084
346 9787
347 3362
347 4380
347 5354
347 9007
347 9084
347 9779
348 1951
348 3891
348 4264
348 4959
348 5776
348 5809
348 6156
348 6877
348 7566
348 7825
348 9914
348 9964
349 938
349 1105
349 2537
349 4247
349 4491
349 4739
349 5340
349 5358
349 7303
349 8723
350 1037
350 1095
350 2634
350 2964
350 5706
350 5746
350 6031
350 7638
351 140
351 5444
351 7509
351 8706
351 9522
351 9576
352 3524
352 4287
352 5645
352 8367
352 8555
352 8920
353 1851
353 5932
353 7868
353 8024
354 449
354 2970
354 2994
354 4001
354 7168
354 7717
355 348
355 883
355 1577
355 3228
355 5393
355 5566
355 6119
355 7751
355 8809
356 475
356 682
356 1223
356 1330
356 2368
356 2907
356 7559
356 7943
356 8694
356 8907
356 9210
356 9567
357 3473
357 5048
357 5143
357 5312
357 7764
358 802
358 2188
358 3054
358 3375
358 5069
358 5152
358 8044
358 8150
358 8866
358 9902
359 1988
359 3054
359 3171
359 4067
359 5834
359 6431
359 7723
359 8171
360 529
360 1416
360 2136
360 2229
360 4507
360 5180
361 943
361 1009
361 1547
361 1980
361 6968
361 7397
361 7489
361 7865
361 9170
361 9347
362 784
362 2239
362 3033
362 3789
362 4049
362 4137
362 5874
362 5917
362 6178
362 6255
362 8273
362 9356
363 755
363 3109
363 6860
363 7257
363 7358
363 8136
363 9235
363 9796
364 2314
364 3002
364 3742
364 5126
364 5812
364 5884
364 7254
364 7375
364 8094
365 343
365 985
365 2023
365 3364
365 4419
365 6028
365 6683
365 8866
366 31
366 588
366 873
366 1650
366 4997
366 5308
366 6404
366 7339
366 8778
366 9278
367 2496
367 3544
367 4244
367 4802
367 5090
367 6818
368 109
368 680
368 1011
368 2247
368 2512
368 2617
368 3297
368 4278
368 5684
368 8638
369 1428
369 2187
369 3358
369 4137
369 4427
369 5213
369 8806
370 3705
370 4541
370 4547
370 5952
370 7166
370 9045
371 491
371 820
371 1708
371 3532
371 3578
371 4145
371 5366
371 6470
371 7269
371 7646
371 8276
371 8359
371 8642
372 1713
372 1882
372 3141
372 4872
372 6009
372 8569
372 8694
372 8711
373 14
373 938
373 2218
373 2334
373 3410
373 3596
373 5855
373 6406
373 7025
373 7998
373 8063
373 8252
374 1342
374 1906
374 3403
374 5467
374 5652
374 7344
374 9858
374 9987
375 2436
375 2870
375 3192
375 3868
375 3899
375 4603
375 6921
375 7670
375 8099
375 8749
375 9925
376 3207
376 4762
376 6195
376 6691
376 7973
376 9708
377 856
377 2015
377 3833
377 9144
378 568
378 744
378 2081
378 2554
378 2820
378 3396
378 4590
378 6790
378 8129
379 870
379 1112
379 3638
379 3804
379 5128
379 6828
379 7299
379 9118
379 9870
380 569
380 1178
380 1538
380 2372
380 3747
380 5131
380 5191
380 5516
380 5597
380 6275
380 9247
380 9397
381 517
381 2264
381 3016
381 3613
381 5041
381 6810
381 9183
381 9650
382 413
382 2085
382 3246
382 4130
382 4199
382 5496
382 6342
382 7836
382 8349
382 9022
383 1610
383 1878
383 2402
383 2424
383 2482
383 3853
383 4333
384 2080
384 3183
384 4151
384 4622
384 5432
384 6406
384 7638
384 7729
384 8898
385 42
385 3212
385 3878
385 3950
385 4286
385 4817
385 4958
385 6092
385 7285
385 7310
385 8207
385 8369
385 9282
386 380
386 508
386 729
386 2261
386 4207
386 5281
386 5835
386 7408
386 8577
386 9100
386 9591
386 9855
386 9961
387 627
387 786
387 3960
387 4021
387 4676
387 5819
387 6297
387 6854
387 8848
388 221
388 1508
388 1719
388 2156
388 2480
388 5914
388 6354
388 6735
388 9311
389 1229
389 1591
389 2468
389 2758
389 3169
389 4804
389 6921
389 6972
389 7064
389 7102
389 8641
389 9297
389 9322
390 1824
390 1980
390 2228
390 2563
390 3681
390 5512
390 5796
390 6408
390 7215
390 8476
390 9735
390 9839
390 9906
391 597
391 1765
391 2000
391 3101
391 3243
391 4595
391 5364
391 5787
391 6334
391 7999
391 8224
391 9462
391 9742
392 1428
392 1651
392 2147
392 2189
392 2678
392 3242
392 3869
392 4032
392 5120
392 6404
392 7875
392 9158
392 9929
393 146
393 236
393 766
393 997
393 2447
393 4231
393 4857
393 7148
393 7561
393 7993
393 8383
393 9340
394 488
394 1902
394 1956
394 1993
394 2934
394 3058
394 3404
394 4202
394 5137
394 7044
394 8019
394 8585
395 987
395 3118
395 4904
395 5200
395 5946
395 6567
395 6952
395 7685
395 9488
396 71
396 694
396 1129
396 2012
396 3229
396 3665
396 5919
396 6729
396 6976
396 7210
396 9200
396 9475
397 594
397 2366
397 3189
397 6280
397 6335
397 6746
397 7540
397 9271
397 9555
397 9987
398 633
398 2857
398 3101
398 3217
398 3485
398 4757
398 5630
398 6212
398 6763
398 7069
398 8127
399 322
399 1352
399 1661
399 3406
399 5200
399 6398
399 6852
399 7296
399 7420
399 7895
399 9414
399 9486
400 1606
400 2072
400 3232
400 4160
400 6039
400 6240
400 6357
400 6381
400 7803
400 8836
401 879
401 1272
401 3421
401 4171
401 4979
401 5049
401 5785
401 8422
402 129
402 216
402 1430
402 1733
402 3077
402 4081
402 4590
402 4938
402 5703
402 5765
402 6618
402 7631
402 8780
402 9334
403 554
403 1306
403 4044
403 5379
403 5460
403 6003
403 7618
403 8417
404 871
404 3194
404 3952
404 4219
404 5305
404 5618
404 6172
404 6584
404 6804
404 7499
404 8202
404 8962
404 9644
405 188
405 1220
405 2419
405 3819
405 4072
405 6421
405 7451
405 8146
405 8452
405 9388
405 9775
405 9835
406 3013
406 4900
406 5210
406 7567
406 9957
407 195
407 1024
407 1138
407 1296
407 1440
407 1761
407 2156
407 3024
407 3096
407 4781
407 7856
407 8631
407 9315
408 519
408 1164
408 1419
408 2738
408 2770
408 2968
408 4058
408 6105
408 8135
408 8687
408 8943
408 9509
409 358
409 892
409 1344
409 1831
409 3588
409 3933
409 4312
409 7055
409 9382
409 9695
409 9702
409 9794
410 24
410 340
410 913
410 3817
410 4127
410 4152
410 4744
410 6604
410 7354
410 7953
410 7972
410 8785
410 9950
411 614
411 7246
411 7882
411 8742
411 8883
412 568
412 1723
412 2263
412 2299
412 3336
412 4202
412 5213
412 9247
413 8
413 140
413 1514
413 2875
413 5314
413 5684
413 7053
413 7711
414 556
414 939
414 2393
414 3260
414 3623
414 4238
414 4491
414 6685
414 8119
414 8352
414 9609
415 365
415 796
415 2324
415 3003
415 3794
415 4301
415 4404
415 7600
415 8057
415 8209
416 768
416 1708
416 3625
416 3805
416 3941
416 5843
416 6402
416 6418
416 7105
416 7270
416 7323
416 7384
416 8016
416 8946
416 9032
417 1098
417 1287
417 2355
417 2846
417 3770
417 4254
417 5654
417 5945
417 6078
418 1070
418 1534
418 2572
418 3029
418 4576
418 5671
418 5897
418 7028
418 7242
418 7799
418 7845
418 9330
418 9792
418 9933
419 190
419 576
419 733
419 886
419 4181
419 4330
419 8029
419 9371
420 466
420 1208
420 1570
420 2817
420 3361
420 3405
420 4297
420 4857
420 5995
420 6252
420 6907
420 7195
421 513
421 1873
421 3356
421 3737
421 4538
421 5329
421 6002
421 8756
422 134
422 2941
422 3506
422 5913
422 6827
422 9885
422 9891
422 9908
423 492
423 1118
423 1153
423 2055
423 2411
423 2673
423 3706
423 5936
423 6570
423 6918
423 6998
423 9814
423 9922
424 45
424 250
424 1524
424 2098
424 2391
424 3302
424 5554
424 5563
424 6612
424 7230
424 7438
424 9128
425 941
425 1081
425 1264
425 1996
425 3119
425 4132
425 7394
425 7681
425 8216
425 9101
426 483
426 2108
426 2128
426 2777
426 3099
426 3170
426 4324
426 4368
426 4411
426 6709
426 8485
426 9172
427 50
427 495
427 921
427 1596
427 2404
427 3744
427 4365
427 4712
427 4890
427 5627
427 5909
427 6116
427 6594
427 6963
427 8426
427 9149
428 210
428 523
428 2504
428 5547
428 5752
428 6662
428 7799
428 8850
429 147
429 250
429 296
429 2714
429 3111
429 4539
429 5122
429 6397
429 7328
429 9137
430 156
430 2575
430 3533
430 5327
430 8248
431 905
431 2600
431 2765
431 2859
431 4011
431 5122
431 5179
431 5850
432 2424
432 2754
432 4068
432 5640
432 5920
432 6021
432 6422
432 6854
432 6934
432 8347
433 1439
433 3637
433 3645
433 3772
433 4792
433 4864
433 6335
433 6345
433 6984
433 7790
433 8548
433 8672
434 1021
434 5163
434 5367
434 5572
434 5623
434 5761
434 6512
434 6584
434 6765
434 7136
434 7466
434 8655
434 8806
435 528
435 1248
435 2275
435 2516
435 5423
435 5514
435 6788
435 7272
435 7817
435 9063
435 9283
435 9480
436 788
436 2609
436 2720
436 3662
436 4978
436 6255
436 6421
436 7808
436 8086
436 8320
436 9613
437 825
437 2974
437 5069
437 7462
437 7934
437 8494
437 9628
438 92
438 615
438 654
438 1186
438 2675
438 4488
438 4734
438 5319
438 6226
438 6628
438 7094
438 7540
438 9159
438 9952
439 1277
439 1503
439 2622
439 2642
439 2671
439 3061
439 3599
439 3767
439 4911
439 5361
439 5396
439 6313
439 6391
439 6677
439 8201
439 8827
440 704
440 851
440 1262
440 2238
440 2535
440 3169
440 3659
440 4835
440 6196
440 8800
440 9149
440 9355
441 834
441 1314
441 1772
441 2332
441 3465
441 3565
441 6548
441 8052
441 9530
442 319
442 455
442 471
442 615
442 1950
442 3801
442 7326
442 7468
442 7523
442 7566
442 8227
442 8280
442 9290
443 441
443 1909
443 2035
443 2399
443 3169
443 3546
443 5970
443 6381
443 6703
443 6807
443 7333
443 7451
443 8420
443 9279
443 9990
444 146
444 790
444 1274
444 2196
444 2225
444 4618
444 5879
444 7237
444 7450
444 7983
444 8121
444 8495
444 9375
444 9564
445 1242
445 1471
445 3890
445 4490
445 5789
445 6053
445 7138
445 7367
445 7469
445 8059
445 9517
445 9627
446 516
446 1100
446 1657
446 2208
446 2401
446 4150
446 4378
446 4763
446 6025
446 6458
446 7353
446 9360
447 280
447 1814
447 1837
447 1937
447 6005
447 6111
447 6262
447 7091
447 7827
447 8073
447 9829
448 145
448 478
448 1542
448 2531
448 3211
448 3436
448 3921
448 4662
448 4716
448 5824
448 6679
449 85
449 1274
449 3068
449 3588
449 3999
449 4022
449 7178
449 7949
449 8981
449 9091
450 384
450 3245
450 4628
450 5973
450 6347
450 6623
450 8226
451 1240
451 2473
451 3761
451 4520
451 8820
451 9533
452 180
452 1116
452 1812
452 2031
452 2303
452 7373
452 8475
452 9870
452 9997
453 477
453 2604
453 5546
453 6657
453 6728
453 9246
454 649
454 2495
454 3795
454 3824
454 4000
454 4210
454 4705
454 4971
454 5126
454 6393
454 7541
454 9326
454 9456
455 1634
455 2372
455 3299
455 3502
455 4870
455 8610
455 9821
455 9978
456 728
456 1715
456 2078
456 2827
456 2830
456 4091
456 4437
456 8446
456 8690
456 8876
456 8889
456 9598
457 1086
457 1426
457 3890
457 4289
457 5148
457 5883
457 5894
457 6997
457 8021
457 8422
457 8572
457 9071
457 9984
458 1372
458 1468
458 2528
458 2892
458 2907
458 4174
458 4592
458 5523
458 7991
458 8428
458 8489
459 163
459 543
459 867
459 926
459 1084
459 1514
459 1704
459 1936
459 2589
459 3101
459 4138
459 6194
459 8075
459 8536
460 2203
460 3097
460 3594
460 5330
460 5629
460 6936
460 7248
461 1025
461 1756
461 2908
461 4794
461 5292
461 9433
462 517
462 1776
462 3879
462 5638
462 5703
462 6118
463 569
463 1152
463 6811
463 7428
463 7448
463 9654
463 9774
464 47
464 880
464 2913
464 3431
464 6032
464 6627
464 7720
464 9093
464 9358
464 9468
465 980
465 2883
465 2987
465 3622
465 5680
465 6596
465 8501
466 394
466 759
466 3400
466 4717
466 7995
467 10
467 2371
467 2577
467 2736
467 2937
467 3483
467 3937
467 5079
467 5403
467 6513
467 7271
467 7565
467 8393
467 8933
467 9415
467 9625
468 1457
468 3033
468 3969
468 4295
468 4521
468 4760
468 6378
468 9482
469 1791
469 2630
469 3489
469 3585
469 6493
469 8002
470 402
470 951
470 1221
470 1527
470 2337
470 2661
470 8152
470 9088
471 305
471 606
471 1263
471 1698
471 3391
471 6213
471 6436
471 7198
471 7461
471 8758
472 740
472 3272
472 5083
472 5902
472 6547
472 7922
472 8212
473 121
473 415
473 907
473 1320
473 1511
473 4284
473 4394
473 5288
473 6391
473 7935
473 9145
473 9337
473 9987
474 1
474 350
474 453
474 942
474 1629
474 1917
474 3942
474 4856
474 5399
474 9027
475 429
475 501
475 531
475 3857
475 4481
476 3417
476 4804
476 6036
476 6037
476 6445
476 7825
476 8902
476 9232
476 9564
476 9751
477 3983
477 4048
477 5165
477 6724
477 6987
477 8195
477 8389
477 8669
478 1989
478 2466
478 3357
478 3556
478 3674
478 4391
478 4486
478 5424
478 5845
478 9749
479 2938
479 4610
479 5862
479 8983
480 11
480 1164
480 1674
480 2721
480 3158
480 3917
480 4107
480 4778
480 4940
480 6051
480 6256
480 6840
480 7514
480 8010
481 1341
481 1736
481 1969
481 2191
481 2317
481 3617
481 4393
481 4419
481 4647
481 5113
481 5712
481 6832
481 8611
481 9327
482 317
482 1865
482 2067
482 2322
482 2552
482 3657
482 4632
482 4983
482 5290
482 8617
482 8900
482 9315
483 956
483 1709
483 2331
483 4510
483 5190
483 6782
483 7919
483 8891
484 1210
484 1374
484 3352
484 4279
484 4639
484 5152
484 5455
484 5483
484 6225
484 6556
484 7067
484 8116
484 8418
485 743
485 2466
485 3436
485 4274
485 4553
485 4624
485 4892
485 4899
485 6632
485 7304
485 7552
486 325
486 1278
486 1478
486 1650
486 2064
486 3029
486 3490
486 4326
486 5668
486 6677
486 8520
486 9473
487 64
487 631
487 1218
487 1295
487 2099
487 2793
487 3849
487 4410
487 4842
487 6613
487 6995
487 7722
487 8394
488 961
488 1593
488 3011
488 3534
488 4283
488 4395
488 4602
488 5461
488 5886
488 6425
488 6969
488 7667
488 7754
488 8722
488 9009
488 9304
489 44
489 1344
489 1459
489 1795
489 2337
489 5980
489 6052
489 6993
489 7329
489 8546
490 1326
490 2446
490 2662
490 3643
490 4906
490 5086
490 5239
490 7145
490 8006
490 8615
490 9026
491 1886
491 2259
491 3480
491 3636
491 4997
491 5290
491 7543
492 2988
492 3097
492 3274
492 4202
492 4310
492 6072
492 8152
492 8970
492 9384
493 243
493 524
493 1998
493 2568
493 3887
493 4115
493 4360
493 4986
493 5097
493 6162
493 8308
493 8341
493 9344
494 437
494 598
494 2958
494 4048
494 6496
494 9716
494 9892
495 1111
495 2123
495 5902
495 5950
495 9051
496 1989
496 3369
496 7486
496 7593
496 7850
496 8533
496 9567
496 9981
497 226
497 1278
497 2038
497 2155
497 2871
497 3127
497 3932
497 4766
497 5518
497 5582
498 220
498 1049
498 1543
498 3048
498 5316
498 5422
498 8713
498 8818
499 59
499 470
499 1367
499 1853
499 3401
499 3778
499 3966
499 4083
499 6161
499 6830
499 8604
499 9609
500 1298
500 1421
500 3162
500 4625
500 4751
500 5003
500 5194
500 6175
500 6802
500 7556
500 8184
500 8209
500 9442
501 290
501 650
501 3481
501 9504
501 9616
502 154
502 766
502 1324
502 3070
502 4795
502 5150
502 5511
502 5926
502 7357
502 7914
502 9171
502 9678
502 9887
503 3840
503 5167
503 5361
503 6510
503 7395
503 7945
503 8004
503 9030
503 9089
504 297
504 1182
504 2887
504 3205
504 4832
504 6425
504 7119
504 8048
504 8226
504 8753
504 9639
504 9724
505 45
505 3311
505 4477
505 4604
505 4660
505 4860
505 5226
505 6643
505 7203
505 7637
505 7951
505 8128
505 8544
505 9545
506 2077
506 4494
506 7224
506 8412
507 519
507 1453
507 1970
507 2632
507 3800
507 4578
507 5883
507 5962
507 6681
507 6817
507 7994
508 3316
508 4569
508 4591
508 6436
508 7920
508 8073
508 8370
509 305
509 635
509 958
509 2612
509 3003
509 3383
509 3695
509 4659
509 5271
509 6056
509 7504
510 450
510 794
510 1522
510 2406
510 4272
510 4439
510 4594
510 5220
510 5493
510 6710
510 7813
510 9158
511 50
511 1589
511 1623
511 1630
511 4400
511 5279
511 7061
511 7411
511 8512
511 9404
511 9489
512 612
512 826
512 3964
512 4409
512 4912
512 5714
512 6965
512 6975
512 8357
512 8769
513 220
513 503
513 643
513 1117
513 1834
513 2991
513 3251
513 3271
513 4481
513 4855
513 7346
513 8713
514 1324
514 3603
514 4152
514 4762
514 7692
514 7741
514 8289
514 9062
514 9209
515 165
515 174
515 2858
515 3407
515 4494
515 5235
515 8010
515 8204
515 8229
515 8550
516 389
516 1654
516 2033
516 2446
516 6457
516 7821
516 8397
516 9251
517 3694
517 3725
517 4023
517 4037
517 4538
517 6082
517 6229
517 6338
517 6373
517 6405
517 6855
517 8414
518 70
518 250
518 300
518 1700
518 2778
518 6128
518 6454
518 8674
518 9192
518 9845
519 669
519 2247
519 2734
519 2923
519 4057
519 4615
519 7637
519 7952
520 943
520 2689
520 2818
520 2820
520 6154
520 7329
520 8143
520 9069
520 9843
520 9869
521 1284
521 2448
521 3875
521 4731
521 5549
521 6985
521 7055
521 7366
521 7891
521 8367
521 9714
521 9798
522 2120
522 2187
522 4196
522 5806
522 6132
522 6420
522 6711
522 7521
523 1952
523 4004
523 6355
523 6387
523 6960
523 8249
523 8784
523 9223
523 9802
524 459
524 2072
524 2873
524 4173
524 5111
524 7217
524 9723
525 40
525 383
525 1093
525 2486
525 3806
525 5033
525 5062
525 6237
525 6360
525 6765
525 6782
525 8039
525 9012
525 9022
526 4
526 2173
526 3353
526 4079
526 4465
526 5348
526 5984
526 7846
526 8751
526 9725
526 9875
527 2795
527 3139
527 6342
527 6352
527 8751
528 392
528 796
528 1352
528 3047
528 3332
528 3562
528 4756
528 4943
528 5002
528 6126
528 7232
528 8106
528 9110
529 1813
529 3478
529 3903
529 4315
529 4571
529 4930
529 5272
529 5926
529 7041
529 8195
529 9602
530 537
530 664
530 850
530 3201
530 5160
530 5348
530 6334
530 6403
530 6967
530 7214
530 7542
530 7684
530 8487
531 1282
531 1663
531 3088
531 4623
531 5129
531 5209
532 1904
532 3365
532 4166
532 6913
532 7264
532 7974
532 8434
532 9943
533 397
533 1116
533 4929
533 5562
533 6840
534 801
534 3093
534 4080
534 4320
534 4919
534 6619
534 8404
535 1356
535 1582
535 1821
535 1934
535 2324
535 4732
535 6185
535 7561
535 8800
535 9114
536 347
536 2790
536 3189
536 5990
536 6180
536 6307
536 7655
536 7663
536 9097
537 153
537 431
537 642
537 955
537 1303
537 1551
537 1906
537 2159
537 2853
537 5204
537 7413
537 7617
537 8426
537 9784
538 116
538 967
538 1477
538 2801
538 3368
538 3758
538 4413
538 4678
538 5215
538 5500
538 7630
538 9085
539 602
539 1019
539 1886
539 3267
539 3425
539 4354
539 4534
539 4810
539 5190
539 5552
539 5597
539 9694
540 1410
540 1623
540 2719
540 3066
540 3487
540 4666
540 4899
540 5453
540 5699
540 7091
540 7279
540 7390
540 9724
541 1849
541 2494
541 3044
541 3319
541 4252
541 7209
541 8732
541 9929
542 1101
542 1480
542 1991
542 2209
542 2221
542 2925
542 3257
542 4662
542 4817
542 5671
542 8565
542 8644
542 8958
542 9124
542 9131
543 341
543 2084
543 2785
543 3004
543 3387
543 3419
543 4724
543 5397
543 6935
543 7769
543 8171
543 8927
543 9823
544 191
544 697
544 733
544 941
544 1710
544 1986
544 2944
544 7024
544 8151
544 8558
545 2420
545 3272
545 4307
545 7817
545 9147
546 35
546 68
546 980
546 2608
546 4780
546 5688
546 7552
546 8357
546 8618
546 9176
547 1116
547 2159
547 2240
547 2302
547 3023
547 3999
547 6160
547 6796
547 7042
547 7373
547 7588
547 7793
547 7853
548 5300
548 6281
548 6719
548 7203
548 9390
548 9808
549 375
549 467
549 1386
549 1974
549 2580
549 3046
549 3629
549 4050
549 5271
549 5649
549 9772
550 1089
550 2808
550 3010
550 5307
550 5460
550 5468
550 5503
550 6327
550 8571
551 3025
551 4289
551 4486
551 5623
551 6219
551 8299
551 8647
551 8864
551 9091
551 9507
552 757
552 822
552 3161
552 5301
552 6714
552 7981
552 9176
552 9894
553 992
553 1767
553 3571
553 4300
553 4352
553 5317
553 5442
553 5783
553 6144
553 6534
553 7799
554 98
554 786
554 821
554 2039
554 3585
554 4320
554 6007
554 6448
554 7794
555 268
555 1246
555 2380
555 2535
555 3566
555 4044
555 4224
555 6106
555 7765
556 1040
556 1406
556 2823
556 3606
556 4301
556 4611
556 4635
556 5672
556 5832
556 7451
557 2207
557 2836
557 3262
557 5962
557 7735
557 7768
557 8702
557 9136
558 1222
558 1962
558 3402
558 3647
558 4007
558 4111
558 4350
558 4425
558 6052
558 7960
558 8183
558 8434
558 9300
558 9826
559 98
559 673
559 1427
559 1612
559 1951
559 4875
559 5908
559 5922
559 6738
559 7902
559 8217
559 8535
559 8836
559 9082
559 9793
560 513
560 1959
560 2175
560 5610
560 5726
560 6086
560 6337
560 6735
560 8673
561 654
561 740
561 1332
561 1857
561 3289
561 4694
561 6573
561 8083
561 8358
561 9108
561 9371
561 9721
562 98
562 1052
562 1057
562 1990
562 2811
562 4242
562 5281
562 7651
562 7861
562 8221
562 8565
562 9276
562 9941
563 636
563 3689
563 5596
563 6149
563 6995
563 8083
563 8482
563 9874
563 9909
563 9924
564 1451
564 3970
564 4695
564 7131
565 277
565 316
565 720
565 1057
565 6092
565 7329
565 7794
565 9159
566 167
566 196
566 1110
566 3188
566 3235
566 3835
566 5402
566 5595
566 5708
566 7490
566 8554
566 9801
567 29
567 648
567 1137
567 1511
567 2205
567 3025
567 3668
567 4582
567 5716
567 7020
567 9100
567 9326
567 9874
567 9921
568 1989
568 2896
568 2970
568 3288
568 4137
568 8346
568 8501
568 8624
568 8847
568 8972
568 9311
568 9459
568 9822
569 747
569 1434
569 2120
569 4978
569 7105
569 8773
569 8893
569 8981
569 9113
570 316
570 415
570 954
570 1509
570 3750
570 4621
570 5044
570 5449
570 8792
571 705
571 2015
571 2143
571 2366
571 2572
571 2858
571 3682
571 4561
571 5261
571 5489
571 5676
571 6676
571 6755
571 7031
571 7103
571 7721
571 9971
572 1109
572 1431
572 3292
572 4061
572 4889
572 5873
572 6175
572 6838
572 7071
572 7786
572 8026
573 1051
573 3748
573 4332
573 5324
573 9097
573 9136
573 9185
574 1875
574 2059
574 3912
574 4008
574 5195
574 5858
574 7395
574 9161
575 1004
575 2175
575 4341
575 5827
575 6112
575 6454
575 7841
575 8071
575 9455
576 825
576 1164
576 1348
576 1823
576 5092
576 5259
576 5657
576 5997
576 6302
576 7359
576 8946
576 9062
576 9834
577 815
577 2716
577 3969
577 4141
577 4904
577 5549
577 6021
577 6179
577 6326
577 6347
577 6457
577 7819
577 8888
578 2517
578 3315
578 3325
578 4702
578 6114
578 7114
578 7969
578 8590
579 257
579 531
579 2743
579 4975
580 394
580 670
580 5704
580 6221
580 6815
580 6913
580 7352
580 7891
580 8255
580 8545
580 9821
581 2844
581 2968
581 3396
581 5174
581 7096
581 8789
581 9081
581 9485
581 9821
581 9832
582 2295
582 2814
582 2949
582 5688
582 6027
582 8507
583 3245
583 4992
583 5280
583 5523
583 7277
583 7907
583 8838
583 9508
584 123
584 2334
584 2366
584 3805
584 4297
584 4453
584 5046
584 5793
584 6438
584 9847
585 862
585 5561
585 6528
585 9376
586 1033
586 1476
586 1625
586 2451
586 2854
586 3595
586 4036
586 4835
586 5319
586 9301
587 145
587 662
587 1622
587 1770
587 3508
587 6504
587 6576
587 8801
588 179
588 266
588 787
588 1396
588 1747
588 1749
588 2543
588 3013
588 4029
588 4411
588 4452
588 4968
588 6350
588 7201
588 8351
588 9165
588 9916
589 1821
589 2856
589 5122
589 6001
589 7664
589 8115
589 8372
589 9134
590 2152
590 2636
590 2890
590 3811
590 5607
590 7181
590 7477
590 7807
590 7956
590 8356
590 9251
590 9975
591 1203
591 1964
591 2342
591 2554
591 4768
591 5813
591 6012
591 8340
591 9171
591 9265
592 61
592 782
592 1322
592 2695
592 3367
592 4225
592 5639
592 6360
592 6596
592 6985
592 7189
592 7696
592 7840
592 8422
593 1756
593 2097
593 3248
593 5510
593 6606
593 7371
593 7898
593 8575
593 8629
593 9325
593 9348
594 2239
594 2607
594 2640
594 4015
594 5709
594 6232
594 6591
594 8274
594 8570
594 9060
594 9372
595 411
595 893
595 1574
595 2086
595 2697
595 6300
595 8814
596 640
596 1378
596 2646
596 2798
596 3424
596 5544
596 8171
597 1430
597 1663
597 2780
597 4419
597 4721
597 5417
597 8052
597 8251
597 8742
597 9016
598 70
598 549
598 1142
598 1555
598 2834
598 3207
598 4246
598 4769
598 7286
598 7603
598 7789
598 8513
598 8656
599 1425
599 1469
599 2399
599 2532
599 6643
599 7908
600 307
600 1054
600 2724
600 3502
600 3552
600 4727
600 6944
600 8973
600 9243
600 9390
601 1722
601 2126
601 2700
601 3298
601 3538
601 5523
601 5817
601 6603
601 6623
601 6663
602 36
602 80
602 1046
602 1284
602 1453
602 2463
602 2875
602 3380
602 3910
602 4541
602 6295
602 7668
602 8073
602 8928
602 9466
603 191
603 7073
603 7341
603 8655
603 8962
604 320
604 482
604 2652
604 3829
604 4002
604 4311
604 4890
604 5734
604 6797
604 7436
604 7726
604 8930
605 652
605 1245
605 1563
605 2848
605 3985
605 4223
605 6180
605 6682
605 7108
605 7462
605 9504
606 3464
606 4668
606 4707
606 7996
606 8396
606 9168
607 975
607 1079
607 1230
607 2198
607 4359
607 4466
607 6390
607 7137
607 7326
608 1158
608 1629
608 3247
608 3790
608 7383
608 7889
608 8998
608 9469
609 95
609 1665
609 2420
609 3591
609 3598
609 4542
609 6367
609 9316
609 9591
610 131
610 1067
610 1856
610 3278
610 4375
610 4435
610 5005
610 6592
610 8015
610 8499
610 9872
611 792
611 854
611 1187
611 2153
611 3240
611 4023
611 4781
611 5090
611 5602
611 6725
611 6880
611 6933
611 8395
612 2464
612 2541
612 2800
612 3112
612 5664
612 6105
612 6776
612 7176
612 7311
612 8291
612 8825
613 306
613 2258
613 2448
613 2600
613 2676
613 2867
613 2877
613 4526
613 4917
613 4939
613 5566
613 6880
613 8030
613 8141
613 8579
613 8817
613 8996
613 9043
613 9759
614 135
614 535
614 1578
614 2016
614 2395
614 3262
614 3477
614 4189
614 6458
614 8369
614 8477
614 8830
615 427
615 689
615 2267
615 5389
615 6085
615 6150
615 7395
615 8128
615 8780
615 9057
615 9623
616 154
616 876
616 3079
616 3480
616 3631
616 5555
616 5798
616 5955
616 6539
616 6662
616 7338
616 8919
616 9203
617 1839
617 2486
617 2569
617 4155
617 5245
617 6012
617 7870
617 8036
618 1679
618 2339
618 2510
618 2885
618 3599
618 3640
618 3825
618 4331
618 4574
618 4751
618 5343
618 6103
618 7606
618 7986
618 8986
618 9303
618 9993
619 149
619 990
619 1215
619 2077
619 2107
619 2182
619 4038
619 4700
619 5697
619 6596
619 8712
620 866
620 1552
620 1829
620 1866
620 1971
620 4158
620 7438
620 7578
620 7597
620 8729
621 34
621 1114
621 2444
621 3037
621 5018
621 5085
621 8575
621 9698
622 2365
622 2781
622 3636
622 4124
622 4125
622 5244
622 5387
622 6012
622 6509
622 7557
622 8429
622 9183
622 9894
623 237
623 1767
623 1901
623 3847
623 5069
623 5145
623 5251
623 6533
623 7034
623 8027
623 9157
624 1762
624 3624
624 4063
624 6400
624 6845
624 9111
624 9874
625 465
625 880
625 2282
625 3667
625 7522
625 7693
625 9310
625 9395
626 774
626 3450
626 3787
626 4024
626 5753
626 7458
626 9803
627 730
627 864
627 1173
627 1685
627 2572
627 3155
627 3745
627 4803
627 5459
627 7195
627 8045
627 8308
627 9367
628 1011
628 2850
628 3258
628 4441
628 8425
628 8563
629 1787
629 3099
629 3277
629 4876
629 6220
629 6756
629 7229
629 7999
629 8737
629 8784
629 9589
630 73
630 3080
630 4407
630 5950
630 6266
630 7073
630 7772
630 7893
630 8653
631 1766
631 1912
631 2110
631 2122
631 2521
631 2639
631 3334
631 4120
631 5147
631 9318
631 9522
631 9637
631 9957
632 744
632 2876
632 5235
632 7645
632 9260
632 9926
633 451
633 1263
633 1604
633 4081
633 5065
633 5914
633 7068
633 7899
633 9523
634 436
634 1000
634 1923
634 2019
634 2475
634 2499
634 2518
634 3627
634 6516
634 7732
634 9170
634 9279
634 9536
634 9712
635 394
635 1542
635 2066
635 2619
635 2875
635 2894
635 3855
635 5570
635 6470
635 7198
635 7316
635 7929
635 9032
636 253
636 923
636 6690
636 9916
637 958
637 2874
637 7012
637 8753
637 8932
637 9166
637 9318
637 9806
638 1092
638 1957
638 2171
638 3143
638 3190
638 4960
638 8835
638 9905
639 1436
639 2910
639 3578
639 4110
639 4737
639 6003
639 9173
639 9362
640 226
640 302
640 3105
640 4626
640 4908
640 5289
640 5408
640 6463
640 9190
641 2054
641 2473
641 2993
641 6995
641 7074
641 8714
641 8853
641 9445
642 1354
642 4084
642 4386
642 4598
642 5898
642 5937
642 7598
642 7829
642 7841
643 1189
643 1992
643 2225
643 2525
643 2800
643 2958
643 3061
643 3775
643 4833
643 8146
644 825
644 884
644 1225
644 1745
644 3814
644 5468
644 6212
644 6559
644 8149
645 873
645 2447
645 3967
645 4369
645 4928
645 6365
645 6533
645 7095
645 9977
646 971
646 2859
646 3107
646 3336
646 3597
646 4145
646 4771
646 4993
646 5332
646 6312
646 6464
646 6487
646 9377
647 488
647 598
647 617
647 1408
647 1616
647 2112
647 3093
647 3114
647 5892
647 6940
647 8558
647 9206
648 603
648 604
648 974
648 1185
648 2107
648 2777
648 3172
648 8479
648 9320
649 440
649 686
649 1014
649 1464
649 2901
649 4948
649 6443
649 6811
649 7640
649 7896
649 8610
649 8639
650 4
650 2734
650 4848
650 6517
650 6896
650 7010
650 7783
650 7895
650 8834
651 1479
651 1875
651 2164
651 2934
651 6155
651 6207
651 6954
651 7208
651 7508
651 7656
651 8304
651 9010
651 9019
651 9164
651 9424
652 4898
652 6577
652 7008
652 8314
652 8786
653 1887
653 1953
653 2066
653 3991
653 5593
653 7674
654 3053
654 4133
654 5607
654 7032
655 241
655 520
655 673
655 1886
655 1929
655 2434
655 5234
655 5604
655 5953
655 7032
655 9143
655 9679
655 9761
655 9822
656 2584
656 3067
656 5503
656 7976
656 9368
657 2597
657 3769
657 4603
657 4769
657 5320
657 8506
657 8722
657 9857
658 266
658 411
658 775
658 1285
658 1987
658 2658
658 2715
658 2992
658 4125
658 5567
658 8007
658 8146
658 8840
658 9369
659 3446
659 4362
659 4443
659 8337
660 232
660 1029
660 1250
660 1530
660 1635
660 2034
660 2247
660 2619
660 4065
660 4885
660 7853
661 491
661 736
661 848
661 4157
661 5945
661 6220
661 6272
661 8371
661 8383
661 9698
662 1004
662 1013
662 1110
662 1252
662 2736
662 3396
662 4270
663 366
663 850
663 4124
663 4505
663 4922
663 6281
663 6792
663 6830
663 8579
664 2684
664 2846
664 3655
664 3857
664 4079
664 4987
664 7157
664 7373
664 7976
664 8021
664 8183
664 9185
664 9195
665 571
665 1047
665 1409
665 1425
665 2564
665 2608
665 3692
665 4008
665 4733
665 5153
665 7576
665 7900
666 972
666 1218
666 2726
666 2734
666 2747
666 2828
666 3837
666 4032
666 5050
666 5508
666 5779
666 6973
666 8153
666 9909
667 1057
667 1895
667 3594
667 3958
667 4692
667 5607
667 6111
667 6649
667 6904
667 8796
667 9349
668 1762
668 1841
668 1887
668 2934
668 3116
668 3832
668 5530
668 5858
668 7124
668 8923
668 9434
669 663
669 2700
669 2716
669 3455
669 3621
669 5742
669 6591
669 7335
669 8193
669 8550
670 1777
670 5443
670 6162
671 715
671 3276
671 3408
671 3551
671 3793
671 5461
671 8342
671 8542
672 129
672 148
672 535
672 3270
672 3431
672 3452
672 3587
672 4248
672 6862
672 8986
672 9400
672 9658
672 9668
673 206
673 624
673 1192
673 2109
673 2892
673 3021
673 3038
673 5424
673 5550
673 6268
673 7029
673 7755
674 889
674 1059
674 1237
674 6626
674 9054
674 9581
675 1008
675 2026
675 4406
675 4493
675 6098
675 6474
675 7013
675 9693
676 1761
676 3268
676 3408
676 3454
676 7206
676 7413
676 7704
676 9035
676 9049
677 291
677 625
677 1019
677 1570
677 2086
677 2442
677 2730
677 5620
677 5786
677 6155
677 6892
677 7362
677 7522
677 8296
677 9206
678 2485
678 3677
678 6535
678 8813
678 9373
678 9581
678 9817
679 1004
679 1039
679 2293
679 2462
679 3250
679 3739
679 3858
679 4097
679 6706
679 6966
679 7508
679 8206
679 8402
679 9036
680 290
680 1169
680 1412
680 1552
680 2520
680 2984
680 4521
680 5274
680 6188
680 6697
680 7770
680 9028
681 2789
681 3578
681 3734
681 5945
681 6199
681 7520
682 33
682 737
682 1251
682 2440
682 4281
682 5460
682 8048
682 8300
682 8908
682 9067
682 9817
683 1230
683 1435
683 2452
683 2643
683 5255
683 5375
683 6125
683 6521
683 7177
683 9827
684 393
684 1442
684 1499
684 2209
684 3208
684 6962
684 7346
684 7407
684 7466
684 7542
684 7575
684 8576
685 823
685 3410
685 6801
685 7044
685 7874
685 9552
686 1339
686 1365
686 2144
686 5123
686 5985
686 6244
686 7034
686 8103
686 8718
687 294
687 1078
687 1493
687 1811
687 2001
687 2702
687 3686
687 5076
687 7174
687 9149
688 151
688 1234
688 1286
688 3705
688 4439
688 4516
688 4635
688 4676
688 5733
688 9069
688 9162
689 39
689 4794
689 4904
689 6230
689 6498
689 8635
689 9213
689 9700
690 1553
690 5685
690 6071
690 6367
690 6641
690 8753
691 2797
691 3675
691 4425
691 7300
691 7324
691 8063
691 9163
692 1993
692 3470
692 4310
692 4357
692 5188
692 5467
692 5564
692 6035
692 6184
692 7319
692 8510
692 8863
692 9740
693 645
693 650
693 754
693 1332
693 2420
693 6860
693 7894
693 8339
694 390
694 3131
694 4480
694 5510
694 6322
694 6732
694 7637
694 7698
694 8083
694 8305
694 9644
695 245
695 362
695 1892
695 3678
695 6057
695 7808
695 8080
695 9742
696 534
696 1151
696 1668
696 1790
696 3234
696 3517
696 4034
696 4339
696 4555
696 5400
696 6420
696 7097
696 7221
696 7331
696 8849
696 9061
697 455
697 1138
697 3235
697 3371
697 3827
697 4417
697 4596
697 6088
697 6482
697 6830
697 7262
697 8104
697 8145
697 8959
698 393
698 840
698 1432
698 2089
698 2288
698 4664
698 5808
698 6293
698 7971
698 8640
698 8868
698 9796
699 914
699 1925
699 2258
699 5585
700 1237
700 1711
700 1846
700 1971
700 2196
700 2544
700 3625
700 3757
700 4040
700 4788
700 7197
700 7698
700 9755
701 1259
701 1962
701 5457
701 5557
701 5757
701 6949
701 9906
702 3134
702 4875
702 6459
702 6779
702 6836
702 9503
702 9821
703 595
703 761
703 839
703 1616
703 2592
703 2951
703 4188
703 4729
703 5311
703 5371
703 5522
703 5540
703 5902
703 7277
704 127
704 1095
704 1431
704 5918
704 5992
704 6606
704 8179
704 8845
704 9930
705 614
705 1477
705 2816
705 4051
705 6106
705 7689
705 9594
706 635
706 2143
706 2144
706 2168
706 2692
706 4315
706 4485
706 8618
706 9333
707 910
707 2794
707 2940
707 3830
707 5232
707 5448
707 6904
708 479
708 950
708 1168
708 4692
708 5617
708 6058
708 6280
708 8148
709 242
709 456
709 1181
709 1334
709 3138
709 3934
709 4630
709 9838
710 422
710 1694
710 5024
710 5233
710 7809
710 8080
710 9161
710 9311
710 9700
711 305
711 3097
711 3279
711 3576
711 4602
711 4722
711 4847
711 5421
711 6935
711 7880
711 8799
711 9940
712 687
712 751
712 3165
712 4204
712 5182
712 6590
712 6959
712 7933
712 9497
713 1889
713 3557
713 5114
713 5239
713 5993
713 6287
713 7416
713 7552
714 621
714 681
714 1699
714 2322
714 2334
714 3018
714 3344
714 3418
714 4982
714 8317
714 8573
714 9008
714 9570
714 9938
715 663
715 1696
715 1856
715 1882
715 4534
715 5090
715 5386
715 5959
715 6927
715 7470
715 8465
715 9051
715 9180
716 795
716 1635
716 3366
716 3578
716 8169
716 8797
716 8965
716 9095
716 9383
717 454
717 984
717 2431
717 2604
717 2761
717 3341
717 3890
717 3966
717 5200
717 5374
717 5452
717 5928
717 6124
717 6828
717 7055
717 8202
717 8480
717 8500
717 9388
717 9438
718 65
718 428
718 4506
718 4750
718 8053
718 8070
718 8343
718 8367
719 1216
719 1472
719 3443
719 3514
719 3912
719 7541
719 7610
719 8154
719 8405
719 8547
720 129
720 344
720 571
720 1194
720 1261
720 2038
720 2532
720 5465
720 5657
720 6188
720 9281
720 9407
721 1474
721 1818
721 2751
721 5119
721 5710
721 6523
721 7502
721 8656
721 8766
722 106
722 2368
722 2549
722 3694
722 4906
722 4925
722 5105
722 5762
722 6953
722 7472
723 750
723 1639
723 2825
723 2836
723 3267
723 3986
723 5637
723 6710
723 6894
723 7856
723 8204
723 8883
723 9021
723 9306
723 9887
724 828
724 1545
724 3004
724 3220
724 4115
724 4587
724 7634
725 2206
725 5537
725 5896
725 5898
725 9082
725 9790
726 2182
726 2944
726 3824
726 5781
726 8029
726 8252
726 8560
726 8669
727 99
727 540
727 3091
727 3694
727 4783
727 6155
727 6753
727 6977
727 8943
727 9840
728 231
728 749
728 2788
728 3560
728 3906
728 4238
728 4464
728 4581
728 4630
728 6365
728 6404
728 7822
728 8483
728 9261
728 9730
729 1059
729 3289
729 3445
729 4122
729 8171
729 9042
729 9315
730 1145
730 1164
730 4994
730 5183
730 6941
730 6955
730 8561
730 8739
730 9614
731 168
731 710
731 750
731 2535
731 2613
731 4289
731 4958
731 5158
731 5792
731 6104
731 6316
731 6529
731 7432
731 8568
732 276
732 1146
732 1235
732 1674
732 3205
732 4053
732 4896
732 5178
732 7425
732 7474
732 7625
732 7891
732 7951
732 9995
733 434
733 2077
733 2431
733 3190
733 3205
733 7187
733 8243
733 8810
734 196
734 535
734 1556
734 1752
734 4700
734 4760
734 5228
734 5893
734 8295
734 8442
734 8596
734 9208
734 9737
735 4102
735 4268
735 6195
735 7514
735 8721
736 535
736 1519
736 2423
736 2925
736 3041
736 4346
736 6158
736 6495
736 7264
736 8659
736 8788
737 3571
737 5531
737 7766
737 7918
737 8135
737 8401
737 8444
737 9026
738 1886
738 5834
738 5851
738 6789
738 7054
738 7841
738 8287
738 8506
738 9438
738 9860
739 2524
739 5045
739 6015
739 6296
739 6751
739 7453
739 7632
739 8993
740 163
740 773
740 3249
740 4423
740 4682
740 7861
740 8362
740 8430
740 9123
740 9818
741 499
741 1593
741 2728
741 3606
741 4407
741 4995
741 5508
741 5515
741 8643
741 9807
742 266
742 494
742 3489
742 3842
742 4767
742 6068
742 6189
742 6700
742 6766
742 8196
742 8217
743 3746
743 4860
743 4984
743 5479
743 7370
743 9414
744 851
744 1190
744 4248
744 6081
744 6463
744 8127
745 752
745 1516
745 2606
745 3156
745 3235
745 3534
745 5013
745 5066
745 6149
745 6556
745 6773
745 6926
745 9067
746 12
746 108
746 2675
746 3512
746 4852
746 6835
746 8124
746 8336
746 8394
746 9055
747 726
747 2168
747 4292
747 4503
747 6699
747 6722
747 7281
747 7528
747 8029
747 8936
747 9276
748 40
748 556
748 1682
748 3428
748 4936
748 5181
748 5212
748 5324
748 5871
748 6498
748 7944
748 8572
748 9021
748 9914
749 1069
749 2623
749 2627
749 7053
749 7607
749 7904
749 8277
749 8310
749 9100
750 2229
750 2335
750 5083
750 5479
750 6112
750 6806
750 7366
750 7749
750 8228
750 8512
750 9013
750 9883
750 9995
751 257
751 1409
751 2894
751 3206
751 3883
751 4622
751 5833
751 8634
751 8785
752 3847
752 4222
752 4531
752 4709
752 4724
752 9653
753 1496
753 3361
753 3415
753 4012
753 4113
753 4392
753 5166
753 7534
753 9117
754 4115
754 5304
754 5762
754 6073
754 8516
754 9245
754 9887
755 1327
755 1550
755 3007
755 4174
755 5049
755 5056
755 5726
755 5829
755 8529
756 735
756 1930
756 3523
756 3955
756 4221
756 5305
756 6250
756 6427
756 8417
756 8970
756 9079
757 724
757 1894
757 2462
757 3176
757 4080
757 4556
757 5498
757 5730
757 6014
757 6407
757 7521
757 7961
757 8953
758 3171
758 3175
758 4130
758 5668
758 6328
758 8168
759 820
759 1060
759 1802
759 2896
759 5594
759 6408
759 8918
760 1508
760 2112
760 2827
760 6772
760 7643
760 7852
760 8002
760 8175
760 9121
761 361
761 3434
761 5140
761 5565
761 6301
761 7403
761 8007
761 8289
761 8349
761 8833
762 860
762 1904
762 4434
762 4495
762 7449
762 8617
762 8837
762 9566
762 9813
763 783
763 1282
763 2150
763 2353
763 3296
763 6373
763 6701
763 7507
763 8382
763 8992
763 9061
764 1694
764 2431
764 2887
764 2927
764 3667
764 4611
764 4646
764 5929
764 6008
764 6973
764 7640
764 8551
764 8883
764 9780
765 475
765 831
765 1941
765 2862
765 3161
765 4794
765 6138
765 8101
765 8927
765 9246
765 9915
766 1294
766 1507
766 3162
766 4023
766 5950
766 6641
766 7525
766 8385
766 8928
766 9361
766 9548
766 9811
767 1518
767 1741
767 2881
767 4423
767 7151
767 7378
767 8365
767 8444
767 8570
768 1526
768 6175
768 9703
769 453
769 660
769 1386
769 2261
769 4124
769 4504
769 5583
769 7729
769 7888
769 7930
769 8173
770 694
770 1237
770 2051
770 2611
770 2872
770 2950
770 5071
770 5990
770 6461
770 6490
770 9319
770 9699
770 9855
771 1830
771 4355
771 6286
771 7016
771 7692
771 9585
772 2642
772 2905
772 3499
772 4293
772 4892
772 8028
772 8205
772 9760
773 6541
773 6608
773 6782
773 7191
773 9501
773 9663
774 99
774 2174
774 3958
774 4178
774 5247
774 6876
774 7069
774 7119
774 7864
774 8918
774 9182
774 9306
774 9389
774 9623
775 113
775 2230
775 4347
775 4660
775 4991
775 7841
775 8018
775 8443
775 9773
775 9869
776 907
776 1470
776 1630
776 1875
776 3089
776 3549
776 7044
776 7373
776 8217
776 8825
776 9744
777 963
777 1277
777 1900
777 3099
777 3688
777 3967
777 3973
777 4084
777 4857
777 6989
778 673
778 1064
778 1922
778 2098
778 3061
778 3124
778 3736
778 5299
778 5393
778 6529
778 6721
778 7575
779 675
779 2274
779 2364
779 2367
779 2642
779 3236
779 3739
779 3840
779 4730
779 5999
779 6125
779 8811
779 8842
779 9068
779 9441
779 9554
779 9611
780 861
780 936
780 1735
780 4907
780 6873
780 9066
780 9138
780 9867
781 832
781 3167
781 3569
781 3805
781 3988
781 4949
781 6258
781 6339
781 7592
781 8464
781 8921
782 220
782 516
782 1361
782 2324
782 2424
782 2746
782 3427
782 4048
782 4060
782 7297
782 8475
782 9684
783 2753
783 6362
783 7447
784 43
784 177
784 2009
784 3944
784 4643
784 5580
784 6644
784 8563
785 878
785 1190
785 2314
785 2371
785 2725
785 3256
785 3784
785 5742
786 79
786 1971
786 3214
786 3239
786 4150
786 6327
786 6726
786 7031
786 9364
787 151
787 1521
787 1711
787 3661
787 5316
787 6114
787 7290
787 7691
787 8056
788 793
788 931
788 1597
788 1771
788 2213
788 2578
788 3097
788 3822
788 5383
788 7605
788 9671
789 1692
789 2675
789 3898
789 4124
789 5102
789 6312
789 8376
789 8466
789 9045
789 9231
790 1468
790 2173
790 2818
790 3668
790 4844
790 5253
790 6191
790 7026
790 7581
790 8387
790 8918
790 9063
790 9085
791 3165
791 3838
791 5945
791 7133
792 765
792 5155
792 8157
793 287
793 1116
793 2004
793 3677
793 4082
793 4181
793 4884
793 6364
793 6790
794 730
794 3564
794 4265
794 9523
794 9560
795 3167
795 4250
795 4314
795 6341
795 6706
795 6987
795 8441
795 9283
796 31
796 1630
796 3836
796 4626
796 5127
796 6507
796 9494
796 9733
797 302
797 2714
797 5294
797 6614
797 6866
797 7738
797 8432
798 228
798 955
798 1698
798 2914
798 3193
798 3275
798 4612
798 5286
798 5456
798 5729
798 6680
798 7014
798 7840
798 8121
798 8291
798 9892
799 484
799 2168
799 3344
799 3843
799 3919
799 8388
799 9747
799 9777
800 2308
800 4336
800 6257
800 7456
800 8226
800 8236
800 8885
801 2275
801 3262
801 3423
801 3736
801 4162
801 4411
801 5743
801 5908
801 6668
801 7604
801 8572
801 9018
801 9615
801 9775
802 1498
802 3682
802 5865
802 7384
802 7707
802 7799
802 8624
802 9726
802 9983
803 574
803 2056
803 2204
803 5071
803 5328
803 7045
803 9454
803 9831
804 1009
804 1744
804 1890
804 3994
804 4490
804 5946
804 5973
804 8886
804 9094
804 9613
805 695
805 6014
805 6784
805 7008
805 8471
805 9378
806 1133
806 1525
806 3271
806 4449
806 4457
806 5336
806 6824
806 7520
806 8813
806 8828
806 9772
807 522
807 1161
807 3683
807 3766
807 3964
807 5761
807 5794
807 6172
807 7173
807 7626
807 8356
807 9304
808 44
808 2274
808 4122
808 6440
808 6820
808 7096
808 7428
808 7483
808 8591
808 9122
808 9147
808 9774
809 975
809 1505
809 3243
809 3315
809 4163
809 4686
809 9801
810 1446
810 2073
810 2694
810 2972
810 3187
810 3522
810 4487
810 5840
810 8226
810 9297
810 9469
810 9997
811 520
811 1616
811 2704
811 2938
811 3184
811 3476
811 4150
811 4912
811 9426
811 9841
812 914
812 1049
812 1186
812 2914
812 3658
812 3966
812 5928
812 6366
812 8059
812 9557
813 1198
813 2239
813 3501
813 5138
813 6120
813 8296
813 8466
813 9791
814 99
814 645
814 1321
814 2425
814 2695
814 3172
814 4419
814 4877
814 6377
814 6439
814 8168
815 266
815 692
815 1336
815 4153
815 5315
815 5332
815 5644
815 5983
815 8408
815 8445
815 8721
815 9835
816 1624
816 1794
816 2621
816 3876
816 5070
816 5837
816 5996
817 1419
817 5385
817 9279
818 2592
818 3494
818 8710
818 9325
818 9327
819 1268
819 1766
819 2324
819 2632
819 5773
819 7465
819 8038
819 8096
820 917
820 1884
820 3671
820 3693
820 5818
820 6690
820 6916
820 7092
820 7134
820 8105
821 608
821 640
821 1669
821 2430
821 2752
821 3463
821 4285
821 4316
821 4935
821 5922
821 5957
821 7590
822 462
822 2277
822 3243
822 3727
822 5258
822 6154
822 6378
822 7755
822 8982
822 9065
822 9713
823 19
823 133
823 413
823 3153
823 5093
823 6351
823 7902
823 8142
823 8239
824 1012
824 1211
824 1392
824 1983
824 2311
824 4557
824 5237
824 5654
824 6393
824 6726
824 7717
824 8236
824 8624
824 8831
824 8935
825 574
825 2665
825 2728
825 4343
825 4991
825 5172
825 5360
825 5476
825 6356
825 7895
825 8949
825 9087
825 9929
826 262
826 1353
826 2474
826 4785
826 5838
826 6101
826 6441
826 6861
826 7171
826 8567
827 1511
827 5184
827 5550
827 5589
827 5688
827 6066
827 6271
827 7991
827 8852
827 9425
828 1732
828 2503
828 2804
828 4414
828 6590
828 8127
828 8213
829 281
829 318
829 4870
829 4986
829 5035
829 5970
829 6349
829 6962
829 8413
829 8671
829 8961
829 9180
830 191
830 1391
830 4149
830 6578
830 7301
830 8391
830 8682
831 1049
831 2426
831 4012
831 4087
831 4701
831 5809
831 7450
831 8904
832 94
832 1978
832 6612
832 8596
832 9306
832 9563
833 473
833 922
833 2524
833 4024
833 4090
833 4399
833 4509
833 8932
833 9841
834 1260
834 3361
834 4895
834 5836
834 9553
835 263
835 1498
835 2411
835 3455
835 3929
835 4283
835 7793
835 8765
835 9330
836 1361
836 2193
836 3172
836 5975
836 6956
836 7837
836 8557
836 8651
836 9393
837 276
837 1082
837 1163
837 4125
837 6425
837 6883
837 7272
837 7727
837 9381
837 9568
838 708
838 3423
838 4296
838 6771
838 7273
838 8461
838 9437
839 1908
839 2170
839 5070
839 6686
839 7628
839 8328
839 9513
839 9568
839 9922
840 4025
840 4225
840 4483
840 4796
840 5487
840 6789
840 7759
841 921
841 1563
841 2339
841 2400
841 2648
841 4602
841 4627
841 5764
841 6082
841 8391
841 8779
842 478
842 1706
842 1974
842 2945
842 5944
842 6296
842 7934
842 8122
842 8493
843 488
843 1317
843 3152
843 6546
844 415
844 3766
844 4572
844 5762
844 5964
844 6419
844 6742
844 7098
844 8138
844 9917
845 1284
845 1290
845 3677
845 5041
845 5139
845 6603
845 8875
845 9371
845 9639
846 1029
846 1742
846 2412
846 7873
846 8643
846 9194
846 9400
847 2
847 441
847 511
847 918
847 1578
847 5451
847 5789
847 7345
847 8486
847 8646
847 9199
847 9500
847 9737
848 5434
848 5734
848 7014
848 7084
848 7291
848 7749
848 7949
848 8958
849 1526
849 1542
849 3111
849 3369
849 3848
849 4300
849 6311
849 7347
849 7940
849 9074
849 9090
849 9168
850 571
850 1025
850 1308
850 3861
850 8854
850 9043
850 9205
851 980
851 4014
851 4334
851 6798
851 7659
851 9345
852 788
852 1823
852 1977
852 4163
852 7141
852 7994
852 9755
853 224
853 1293
853 2698
853 3606
853 4200
853 6908
853 7060
853 7577
853 7935
853 8820
854 2681
854 2958
854 3305
854 3326
854 4170
854 6222
854 6692
854 6774
854 7138
855 698
855 1600
855 2995
855 3522
855 4379
855 5056
855 6515
855 6536
855 6663
855 9065
855 9420
856 579
856 1595
856 1758
856 1794
856 1840
856 2474
856 3850
856 4763
856 7010
856 8228
856 8560
857 991
857 1692
857 1967
857 2482
857 3968
857 6268
857 6853
857 9298
858 1865
858 3118
858 3619
858 6682
858 9251
858 9730
859 2713
859 2894
859 7181
859 7458
859 8007
859 8643
859 9202
860 1013
860 2368
860 5109
860 6413
860 7019
860 8160
860 8679
860 9675
861 1897
861 3589
861 4401
861 4412
861 5456
861 6849
861 7000
861 7469
861 8343
862 2039
862 2245
862 2604
862 5176
862 6775
862 7805
862 9607
863 431
863 533
863 3259
863 3502
863 3783
863 4164
863 4325
863 4473
863 4538
863 4639
863 6284
863 7687
863 8243
863 9022
863 9449
864 14
864 530
864 672
864 1966
864 2354
864 2500
864 4094
864 4172
864 4239
864 5954
864 6323
864 7131
864 7590
864 8526
864 9534
864 9986
865 183
865 673
865 726
865 2936
865 3052
865 4414
865 6948
865 7130
865 8133
866 1880
866 2950
866 4040
866 5100
866 6305
866 6810
866 8186
866 8247
866 9272
866 9841
867 1653
867 2163
867 2306
867 2983
867 4785
867 5316
867 6979
867 8412
867 8679
867 9317
868 1786
868 3160
868 7561
868 8437
868 8744
868 9312
868 9522
869 863
869 3228
869 3892
869 4047
869 4349
869 7631
869 8453
869 9701
869 9868
870 1188
870 2087
870 3545
870 4277
870 9393
871 1441
871 4099
871 6897
871 7935
871 7992
871 9825
872 247
872 2279
872 2636
872 3372
872 4118
872 4247
872 4299
872 6612
873 1371
873 2288
873 2433
873 3269
873 4289
873 5488
873 5765
873 6225
873 6709
873 7021
874 206
874 298
874 2791
874 3874
874 4666
874 5808
874 7142
874 9532
875 364
875 771
875 2354
875 2585
875 3324
875 4949
875 5353
875 5664
875 6020
875 6326
875 6830
875 7488
875 9004
875 9482
875 9678
876 290
876 577
876 1695
876 2635
876 2834
876 3408
876 3711
876 3860
876 4508
876 4996
876 7456
876 8638
876 9162
876 9642
877 1315
877 1391
877 2286
877 3868
877 4955
877 5166
877 5378
877 7543
877 8341
878 2627
878 3538
878 4105
878 4417
878 5198
878 6157
878 6312
878 6782
878 6802
878 7664
878 7702
878 7950
878 8259
878 8301
878 8978
878 9009
879 2228
879 2318
879 2623
879 3477
879 3955
879 4103
879 4128
879 4526
879 7005
879 7971
879 8302
879 9095
879 9321
880 308
880 1242
880 1269
880 2608
880 4864
880 5956
880 8790
881 96
881 641
881 1425
881 1469
881 3386
881 3426
881 5441
881 6150
881 7031
881 9861
882 782
882 1748
882 2928
882 3008
882 3100
882 3911
882 7551
882 7711
882 8888
882 9365
883 5264
883 5477
883 5863
883 5955
883 6154
883 6222
883 7932
884 107
884 703
884 883
884 1310
884 1512
884 2221
884 3165
884 4050
884 4288
884 4318
884 4361
884 5013
884 8077
884 8276
884 8797
884 9165
884 9932
885 669
885 1853
885 3221
885 4556
885 4896
885 5327
885 5635
885 5771
885 6613
885 7520
885 7628
885 7862
885 8184
885 8511
885 8561
885 9837
886 393
886 1782
886 2303
886 2477
886 2700
886 3763
886 4352
886 4401
886 4804
886 5792
886 6184
886 6415
886 6843
886 6895
886 7599
886 8217
886 9120
886 9260
886 9343
887 3621
887 3805
887 4727
887 5045
887 5258
887 5850
887 8250
887 9879
888 404
888 1533
888 3582
888 4552
888 5409
888 5431
888 5910
888 7957
888 7964
888 8732
888 9158
888 9660
889 947
889 1688
889 3392
889 6758
889 7864
889 8614
890 208
890 500
890 684
890 1184
890 1946
890 2034
890 5093
890 6130
890 6981
890 7133
890 7229
890 7765
890 7807
891 179
891 744
891 4031
891 4538
891 5314
891 5808
891 7025
891 7372
891 7513
891 9957
892 260
892 1187
892 2174
892 2547
892 2975
892 5384
892 7899
892 9258
892 9261
893 2537
893 2687
893 2728
893 3537
893 4565
893 4907
893 5065
893 5879
893 7344
894 2390
894 3107
894 4183
894 6034
894 6375
894 7153
894 9630
895 1474
895 3400
895 4064
895 4368
895 7342
895 7792
895 9882
896 1065
896 3163
896 3491
896 3586
896 3829
896 5074
896 5852
896 5856
896 6384
896 6459
896 7341
896 9610
896 9885
897 525
897 1583
897 4887
897 5495
897 6072
897 7220
897 9995
898 1727
898 1987
898 3368
898 3679
898 6054
898 7128
898 9497
898 9882
899 438
899 3086
899 4842
899 5244
899 5449
899 5824
899 9550
899 9988
900 1389
900 2494
900 4292
900 5052
900 5586
900 7467
900 7525
900 8564
901 1290
901 1430
901 2646
901 5797
901 7785
901 7878
901 8696
901 8707
901 9557
901 9876
902 2267
902 4601
902 4982
902 5293
902 5940
902 8456
902 8517
902 9918
903 1701
903 1993
903 2058
903 3516
903 4041
903 4118
903 5211
903 5345
903 6703
903 6750
903 8549
903 8911
903 9115
904 408
904 1819
904 1927
904 3344
904 4374
904 4435
904 6365
904 6501
904 6756
904 7631
904 8073
904 8536
904 9065
904 9547
904 9893
905 801
905 3342
905 3491
905 4428
905 5237
905 5441
905 6891
905 7117
905 9986
906 203
906 281
906 414
906 1723
906 1992
906 2079
906 5490
906 5560
906 6539
906 7387
906 7639
906 7965
907 450
907 858
907 914
907 1868
907 1968
907 4617
907 5020
907 5426
907 6971
907 9745
908 290
908 866
908 2057
908 2383
908 2818
908 5298
908 6982
908 8308
908 8634
908 9870
908 9913
909 1310
909 2431
909 3881
909 4518
909 4606
909 5884
909 6149
909 6187
909 6284
909 8169
909 8287
909 8351
909 8365
909 8860
909 9532
910 429
910 1042
910 1133
910 1317
910 1681
910 2393
910 2529
910 3075
910 3090
910 3830
910 4754
910 5147
910 5469
910 6081
910 7835
910 8195
910 8711
910 9297
910 9601
911 323
911 1449
911 2034
911 2719
911 4310
911 5501
911 5589
911 7435
911 7786
911 8818
911 8914
912 2648
912 2739
912 2924
912 5139
912 5686
912 8029
912 9398
912 9443
913 2242
913 4255
913 5262
913 5883
913 6189
913 6917
914 554
914 1624
914 2257
914 6233
914 6764
914 6852
914 8636
914 8856
914 8978
914 9868
915 424
915 907
915 1309
915 1673
915 1794
915 2245
915 2736
915 4781
915 5590
915 5823
915 6410
915 6976
915 8384
915 8588
915 9012
916 867
916 921
916 1557
916 5385
916 5728
916 6118
916 7473
917 1229
917 2066
917 2712
917 2845
917 5690
917 7066
917 8007
917 8330
917 9368
917 9856
918 213
918 1697
918 2914
918 3971
918 5431
918 5559
918 5655
918 7527
918 8400
918 8854
918 9295
918 9884
919 160
919 1529
919 1608
919 2401
919 4034
919 4069
919 4767
920 213
920 1033
920 1396
920 2743
920 2899
920 6362
920 7400
920 7862
920 7943
920 8688
921 2618
921 2771
921 3666
921 3968
921 4625
921 4941
921 5381
921 6735
921 8578
922 837
922 1957
922 2733
922 2928
922 3558
922 4764
922 4861
922 5444
922 5541
922 6841
922 6894
922 9928
923 341
923 438
923 523
923 1216
923 1448
923 2901
923 3425
923 3846
923 4935
923 5280
923 5628
923 5658
923 6965
923 7807
923 9828
924 1294
924 5231
924 6845
924 7444
924 9855
925 375
925 753
925 1587
925 2564
925 3309
925 5696
925 7868
925 8053
925 8987
926 47
926 89
926 716
926 1746
926 2438
926 2822
926 4243
926 5267
926 5672
926 6007
926 6443
926 6524
926 7631
926 9107
926 9526
927 4079
927 4798
927 7549
927 8108
927 8317
927 9255
928 1219
928 2004
928 2828
928 3657
928 4080
928 5087
928 5880
928 6244
928 6540
928 6842
929 81
929 210
929 2316
929 2474
929 2973
929 3608
929 5447
929 5537
929 7149
929 7578
929 8297
930 1345
930 1843
930 3240
930 4450
930 4608
930 6504
930 6832
930 8120
930 8397
930 8923
930 9042
930 9072
930 9347
931 456
931 488
931 763
931 3157
931 6809
931 7247
931 8436
931 9754
932 2213
932 2764
932 2893
932 2931
932 4381
932 4533
932 4835
932 5533
932 6542
932 6629
932 7340
932 7690
932 9540
932 9716
933 871
933 1607
933 2546
933 2571
933 2928
933 3498
933 4690
933 5396
933 6411
933 6426
934 521
934 545
934 2690
934 3498
934 5686
934 6035
934 6984
934 8960
934 9629
935 426
935 1320
935 1724
935 2424
935 2738
935 4158
935 4308
935 5029
935 6668
935 7292
935 7540
935 8305
936 873
936 1152
936 2196
936 2613
936 4468
936 7761
937 958
937 1384
937 3195
937 5191
937 5432
937 5524
937 6279
937 6802
937 6805
937 7143
937 8594
937 9057
937 9098
937 9754
938 1232
938 1394
938 2367
938 2493
938 3339
938 3627
938 7684
939 567
939 764
939 1014
939 1549
939 1598
939 2371
939 3116
939 4988
939 5818
939 6473
939 7327
939 9099
939 9323
939 9672
940 211
940 1260
940 1952
940 2792
940 4130
940 4565
940 4659
940 4661
940 5110
940 5895
940 7748
940 8211
940 8302
941 959
941 3010
941 3522
941 4267
941 5134
941 5619
941 6779
941 7235
941 7300
942 407
942 2330
942 4388
942 5445
942 6002
942 6661
942 7062
942 7539
942 7840
943 60
943 1105
943 5433
943 6546
943 6898
943 6985
943 8931
944 2042
944 2191
944 2591
944 3152
944 4169
944 4396
944 5101
944 7674
944 8348
944 8846
944 9065
944 9880
945 3144
945 4633
945 5530
945 5582
945 7147
945 7824
945 8743
945 8962
945 9710
945 9777
945 9822
945 9983
946 1380
946 4223
946 8659
946 8955
946 9546
946 9960
947 4946
947 5018
947 5022
947 5415
947 6301
947 7134
947 8688
947 8715
947 8798
948 582
948 2965
948 4054
948 4132
948 7033
948 7050
948 7396
949 2074
949 2302
949 2938
949 3052
949 4186
949 5128
949 5656
949 9259
949 9301
949 9679
949 9898
950 2167
950 5580
950 7583
950 7859
950 8200
950 8724
950 8882
951 4
951 2059
951 2105
951 2782
951 2805
951 6281
951 6353
951 6817
951 7716
951 8991
951 9013
951 9662
952 395
952 535
952 1524
952 2298
952 3164
952 4102
952 4125
952 4161
952 4480
952 4798
952 4959
952 5152
952 6129
952 6163
952 6215
952 9636
953 1425
953 3845
953 4117
953 7156
953 7391
953 9113
953 9390
954 267
954 1646
954 4859
954 4928
954 5017
954 5584
954 6463
954 6744
954 7562
954 8607
954 9565
954 9627
955 108
955 2650
955 2970
955 3393
955 3988
955 4128
955 4755
955 4775
955 5218
955 6225
956 35
956 1037
956 1502
956 1825
956 2089
956 2542
956 5175
956 5535
956 6314
956 6441
957 666
957 949
957 1008
957 1988
957 4281
957 8268
957 8387
957 8650
958 59
958 402
958 700
958 944
958 2038
958 2063
958 2691
958 4917
958 5586
958 6998
958 8719
958 9302
959 530
959 3202
959 4404
959 5540
959 6201
959 6221
959 6352
960 334
960 614
960 2073
960 2372
960 4121
960 4837
960 5605
960 6032
960 6304
960 7131
960 7238
960 7702
961 661
961 1997
961 2341
961 3562
961 6788
961 7204
961 8666
961 9055
961 9352
962 139
962 728
962 739
962 781
962 1434
962 1585
962 1753
962 3165
962 4240
962 6054
962 6482
962 6667
962 7146
963 229
963 402
963 1140
963 1742
963 3180
963 3679
963 4942
963 6170
963 7592
964 1019
964 1070
964 1601
964 1745
964 2544
964 2773
964 4590
964 6943
964 7015
964 7374
964 8705
964 9755
964 9994
965 2211
965 2427
965 3135
965 3196
965 3690
965 4662
965 6200
965 6943
965 8773
965 9036
965 9210
965 9626
966 1154
966 2133
966 3481
966 3809
966 4936
966 6008
966 6051
966 6361
966 6974
966 7865
966 8083
966 9820
967 3764
967 5601
967 6485
967 9087
967 9291
967 9803
968 255
968 2773
968 2998
968 4069
968 5596
968 5886
968 6874
968 7732
968 8348
969 1850
969 2932
969 3491
969 5971
969 6287
969 8324
969 9092
969 9250
970 885
970 1318
970 1422
970 2331
970 3382
970 7200
970 8799
970 8873
970 9131
971 271
971 427
971 1015
971 2286
971 2301
971 3232
971 4402
971 4862
971 5365
971 5900
971 6458
971 6867
971 6882
971 9347
971 9743
972 1049
972 1997
972 2718
972 3063
972 3884
972 4418
972 4625
972 6537
972 8835
972 9295
972 9506
973 531
973 1186
973 2732
973 3815
973 4646
973 6440
973 7683
973 8583
974 961
974 1164
974 2999
974 3167
974 5488
974 6282
974 7525
974 7678
974 9272
974 9765
975 815
975 1094
975 1692
975 1862
975 2533
975 4668
975 4958
975 6827
975 8212
975 9113
975 9378
975 9401
975 9441
975 9928
976 47
976 1829
976 2155
976 2445
976 3524
976 4978
976 7944
976 9552
977 921
977 1275
977 3761
977 4216
977 4320
977 5314
977 5912
977 6498
977 9740
978 2432
978 3187
978 3727
978 3770
978 4584
978 5106
978 7261
978 9013
979 2004
979 2313
979 3765
979 7295
979 8329
979 9234
980 655
980 1879
980 3391
980 6911
981 896
981 1599
981 2048
981 2082
981 2388
981 2739
981 4838
981 5634
981 8021
981 8291
981 8497
982 2376
982 3400
982 4312
982 4427
982 4970
982 5467
982 5626
982 6194
982 8108
982 8997
982 9262
983 2252
983 4546
983 6044
983 6508
983 7189
983 8680
983 9052
983 9131
983 9775
983 9893
984 520
984 538
984 1921
984 3652
984 4007
984 4127
984 4698
984 5369
984 5719
984 6549
984 7196
984 7973
984 9389
985 574
985 1499
985 1604
985 4172
985 4248
985 4268
985 5976
985 6401
985 6950
985 8036
985 9212
986 2264
986 3369
986 3934
986 3995
986 4666
986 8749
986 8888
987 148
987 202
987 1376
987 2324
987 5719
987 6915
987 7712
987 8544
988 1221
988 1821
988 3526
988 4788
988 6232
988 6482
988 6819
988 6820
988 7340
988 7598
988 7959
988 8296
988 8354
988 8487
988 9487
988 9488
988 9658
989 398
989 882
989 1268
989 1656
989 1942
989 2325
989 2700
989 5018
989 7819
989 8133
990 263
990 1320
990 2897
990 3216
990 3674
990 4549
990 5253
990 5347
990 6810
990 8399
990 9011
990 9175
991 238
991 5483
991 6481
991 6738
991 6854
991 6892
991 9235
992 1047
992 1908
992 2108
992 2117
992 3821
992 4114
992 5415
992 6206
992 6211
992 6482
992 7091
992 7443
992 8771
992 9758
993 381
993 1437
993 3349
993 3880
993 5182
993 5274
993 5313
993 6715
993 7062
993 7745
993 7831
993 7874
993 7939
993 7999
993 8034
993 8875
993 9191
993 9918
994 503
994 1092
994 1159
994 1561
994 4130
994 4241
994 4570
994 4986
994 5064
994 7452
994 7644
994 9648
995 2008
995 2064
995 3232
995 4878
995 4981
995 5956
995 6415
995 7074
995 7496
995 8391
995 9271
996 206
996 505
996 837
996 849
996 1173
996 1634
996 2294
996 3574
996 7199
996 7487
997 926
997 1285
997 5573
997 7060
997 7133
997 8145
997 8572
997 8713
998 471
998 633
998 1487
998 1908
998 2760
998 2771
998 5490
998 6046
998 8347
999 718
999 2231
999 3155
999 3971
999 5310
999 5780
999 5992
999 6951
999 7274
999 7871
1000 1380
1000 3277
1000 3525
1000 4059
1000 5507
1000 5609
1000 6038
1000 7695
1000 7779